"","year","week","total.fox.density","all.but.cub.density","bait.take","bait.cost","HRsize"
"1",1,1,1.74950588663051,1.73949057775937,0.466666666666667,45,257
"2",1,3,1.66354002386565,1.65665769310416,0.466666666666667,90,257
"3",1,5,1.65956649065341,1.65665769310416,0.533333333333333,135,257
"4",1,7,1.61700383682227,1.61524125077656,0.4,180,257
"5",1,9,1.60207918943034,1.59453302961276,0.511111111111111,225,257
"6",1,11,1.56588280376477,1.55311658728515,0.422222222222222,270,257
"7",1,13,1.56825164087207,1.57382480844895,0.377777777777778,315,257
"8",1,15,1.53348322526495,1.53240836612135,0.377777777777778,360,257
"9",1,17,1.51827681931809,1.51170014495755,0.422222222222222,405,257
"10",1,19,1.49053850093263,1.47028370262994,0.311111111111111,450,257
"11",1,21,1.49390072134299,1.49099192379375,0.355555555555556,495,257
"12",1,23,1.45044246528493,1.44957548146614,0.377777777777778,540,257
"13",1,25,1.45014406031629,1.44957548146614,0.377777777777778,585,257
"14",1,27,1.40505974117738,1.40815903913854,0.266666666666667,630,257
"15",1,29,1.38847788142629,1.38745081797474,0.333333333333333,675,257
"16",1,31,1.36440743985213,1.34603437564713,0.311111111111111,720,257
"17",1,33,1.31374489139604,1.30461793331953,0.311111111111111,765,257
"18",1,35,1.31565524390193,1.32532615448333,0.355555555555556,810,257
"19",1,37,2.57219965436993,1.32532615448333,0.288888888888889,855,257
"20",1,39,2.40918375222267,1.24249326982812,0.311111111111111,900,257
"21",1,41,2.32818480597314,1.24249326982812,0.355555555555556,945,257
"22",1,43,2.09924816166779,1.18036860633672,0.311111111111111,990,257
"23",1,45,2.05760247703947,1.15966038517291,0.222222222222222,1035,257
"24",1,47,2.01404643990528,1.15966038517291,0.355555555555556,1080,257
"25",1,49,2.00632861578151,2.0086974528888,0.377777777777778,1125,257
"26",1,51,1.94855955600353,1.96728101056119,0.466666666666667,1170,257
"27",2,1,1.89071408212531,1.90515634706979,0.533333333333333,45,257
"28",2,3,1.81919048430492,1.82232346241458,0.511111111111111,90,257
"29",2,5,1.78946539931335,1.80161524125078,0.288888888888889,135,257
"30",2,7,1.69150252281152,1.67736591426796,0.311111111111111,180,257
"31",2,9,1.58131339027203,1.59453302961276,0.444444444444444,225,257
"32",2,11,1.55028926557645,1.57382480844895,0.377777777777778,270,257
"33",2,13,1.54325916835479,1.55311658728515,0.333333333333333,315,257
"34",2,15,1.53424230452701,1.55311658728515,0.444444444444444,360,257
"35",2,17,1.43169458201108,1.42886726030234,0.4,405,257
"36",2,19,1.34993149475918,1.36674259681093,0.333333333333333,450,257
"37",2,21,1.37063971592298,1.38745081797474,0.311111111111111,495,257
"38",2,23,1.36253982129802,1.36674259681093,0.422222222222222,540,257
"39",2,25,1.29101622347765,1.30461793331953,0.333333333333333,585,257
"40",2,27,1.26709861010398,1.28390971215573,0.355555555555556,630,257
"41",2,29,1.24639038894017,1.26320149099192,0.133333333333333,675,257
"42",2,31,1.18472421005017,1.20107682750052,0.422222222222222,720,257
"43",2,33,1.12580893876866,1.15966038517291,0.2,765,257
"44",2,35,1.06933891869468,1.09753572168151,0.4,810,257
"45",2,37,1.957805662132,1.0354110581901,0.222222222222222,855,257
"46",2,39,1.86992944686124,1.0147028370263,0.2,900,257
"47",2,41,1.74170658666618,0.973286394698695,0.288888888888889,945,257
"48",2,43,1.66437551722794,0.952578173534893,0.266666666666667,990,257
"49",2,45,1.66322930572441,0.952578173534893,0.266666666666667,1035,257
"50",2,47,1.57558233275434,0.890453510043487,0.266666666666667,1080,257
"51",2,49,1.56381456131809,1.61524125077656,0.333333333333333,1125,257
"52",2,51,1.50000878762149,1.55311658728515,0.311111111111111,1170,257
"53",3,1,1.46852617832449,1.51170014495755,0.4,45,257
"54",3,3,1.40915242244157,1.44957548146614,0.244444444444444,90,257
"55",3,5,1.3681944647154,1.40815903913854,0.355555555555556,135,257
"56",3,7,1.32326297377695,1.34603437564713,0.4,180,257
"57",3,9,1.28092956224655,1.28390971215573,0.266666666666667,225,257
"58",3,11,1.1583613454689,1.15966038517291,0.377777777777778,270,257
"59",3,13,1.05344478584567,1.0561192793539,0.311111111111111,315,257
"60",3,15,1.01172268711713,1.0147028370263,0.222222222222222,360,257
"61",3,17,1.00545673089783,1.0354110581901,0.244444444444444,405,257
"62",3,19,0.917504101526858,0.931869952371091,0.288888888888889,450,257
"63",3,21,0.860652010951703,0.869745288879685,0.177777777777778,495,257
"64",3,23,0.870662258082541,0.890453510043487,0.266666666666667,540,257
"65",3,25,0.864778372364412,0.890453510043487,0.244444444444444,585,257
"66",3,27,0.849954036918746,0.869745288879685,0.155555555555556,630,257
"67",3,29,0.778201196797673,0.807620625388279,0.288888888888889,675,257
"68",3,31,0.738695106975955,0.766204183060675,0.2,720,257
"69",3,33,0.714471837201326,0.745495961896873,0.2,765,257
"70",3,35,0.690019325125986,0.704079519569269,0.355555555555556,810,257
"71",3,37,1.73528780224641,0.704079519569269,0.2,855,257
"72",3,39,1.67996399367597,0.683371298405467,0.111111111111111,900,257
"73",3,41,1.65864445971028,0.662663077241665,0.133333333333333,945,257
"74",3,43,1.54557682904633,0.600538413750259,0.133333333333333,990,257
"75",3,45,1.49583124979304,0.600538413750259,0.2,1035,257
"76",3,47,1.46236187388993,0.600538413750259,0.177777777777778,1080,257
"77",3,49,1.43546411060706,1.34603437564713,0.355555555555556,1125,257
"78",3,51,1.3647810678893,1.26320149099192,0.244444444444444,1170,257
"79",4,1,1.34269739292125,1.24249326982812,0.311111111111111,45,257
"80",4,3,1.31641094244025,1.22178504866432,0.244444444444444,90,257
"81",4,5,1.27377187450889,1.18036860633672,0.266666666666667,135,257
"82",4,7,1.25451552124955,1.15966038517291,0.333333333333333,180,257
"83",4,9,1.31694584114192,1.24249326982812,0.288888888888889,225,257
"84",4,11,1.30342054540026,1.24249326982812,0.266666666666667,270,257
"85",4,13,1.32588629086949,1.28390971215573,0.288888888888889,315,257
"86",4,15,1.24198360881096,1.20107682750052,0.244444444444444,360,257
"87",4,17,1.24511658692063,1.22178504866432,0.4,405,257
"88",4,19,1.24595714202321,1.22178504866432,0.222222222222222,450,257
"89",4,21,1.2077500919055,1.18036860633672,0.266666666666667,495,257
"90",4,23,1.13808602069866,1.13895216400911,0.4,540,257
"91",4,25,1.13110674936936,1.11824394284531,0.222222222222222,585,257
"92",4,27,1.04651634040875,1.0354110581901,0.2,630,257
"93",4,29,1.02542604874378,1.0147028370263,0.244444444444444,675,257
"94",4,31,0.988288796029351,0.973286394698695,0.266666666666667,720,257
"95",4,33,0.946261040899865,0.952578173534893,0.244444444444444,765,257
"96",4,35,0.924661438741116,0.931869952371091,0.288888888888889,810,257
"97",4,37,2.09608924482684,0.890453510043487,0.177777777777778,855,257
"98",4,39,2.04573235277168,0.931869952371091,0.333333333333333,900,257
"99",4,41,1.97512572415411,0.890453510043487,0.266666666666667,945,257
"100",4,43,1.8559961418871,0.890453510043487,0.111111111111111,990,257
"101",4,45,1.75283710656928,0.849037067715883,0.288888888888889,1035,257
"102",4,47,1.58992224486734,0.828328846552081,0.177777777777778,1080,257
"103",4,49,1.52519950196791,1.53240836612135,0.333333333333333,1125,257
"104",4,51,1.50449128080411,1.51170014495755,0.266666666666667,1170,257
"105",5,1,1.46368615127838,1.42886726030234,0.377777777777778,45,257
"106",5,3,1.37825518721515,1.38745081797474,0.288888888888889,90,257
"107",5,5,1.36152049926362,1.38745081797474,0.244444444444444,135,257
"108",5,7,1.32965581946545,1.36674259681093,0.266666666666667,180,257
"109",5,9,1.32616635906253,1.36674259681093,0.288888888888889,225,257
"110",5,11,1.29598278946954,1.32532615448333,0.444444444444444,270,257
"111",5,13,1.21475460091927,1.22178504866432,0.2,315,257
"112",5,15,1.25624745734713,1.26320149099192,0.311111111111111,360,257
"113",5,17,1.18266067882041,1.20107682750052,0.244444444444444,405,257
"114",5,19,1.1444536287027,1.18036860633672,0.266666666666667,450,257
"115",5,21,1.09348542384567,1.11824394284531,0.177777777777778,495,257
"116",5,23,1.06888008356986,1.09753572168151,0.155555555555556,540,257
"117",5,25,1.02746364124226,1.0561192793539,0.288888888888889,585,257
"118",5,27,0.985817956613942,1.0147028370263,0.355555555555556,630,257
"119",5,29,0.923922535423241,0.952578173534893,0.266666666666667,675,257
"120",5,31,0.881207053391629,0.911161731207289,0.244444444444444,720,257
"121",5,33,0.854844188810415,0.890453510043487,0.244444444444444,765,257
"122",5,35,0.828252081928483,0.869745288879685,0.133333333333333,810,257
"123",5,37,1.99720869807536,0.828328846552081,0.155555555555556,855,257
"124",5,39,1.94709373118569,0.849037067715883,0.133333333333333,900,257
"125",5,41,1.83789798194927,0.849037067715883,0.2,945,257
"126",5,43,1.78228247389117,0.828328846552081,0.244444444444444,990,257
"127",5,45,1.6529134021926,0.786912404224477,0.155555555555556,1035,257
"128",5,47,1.58299450047718,0.745495961896873,0.177777777777778,1080,257
"129",5,49,1.51788968707662,1.73949057775937,0.422222222222222,1125,257
"130",5,51,1.46837335012406,1.69807413543177,0.333333333333333,1170,257
"131",6,1,1.44728305845907,1.67736591426796,0.422222222222222,45,257
"132",6,3,1.38592253597003,1.59453302961276,0.355555555555556,90,257
"133",6,5,1.34993149475915,1.55311658728515,0.288888888888889,135,257
"134",6,7,1.34114387323208,1.53240836612135,0.4,180,257
"135",6,9,1.41190333005009,1.53240836612135,0.311111111111111,225,257
"136",6,11,1.33732316822032,1.42886726030234,0.333333333333333,270,257
"137",6,13,1.38492915266699,1.44957548146614,0.355555555555556,315,257
"138",6,15,1.32914685949512,1.38745081797474,0.311111111111111,360,257
"139",6,17,1.28199935964988,1.34603437564713,0.288888888888889,405,257
"140",6,19,1.2285859035853,1.28390971215573,0.4,450,257
"141",6,21,1.18923264196406,1.24249326982812,0.333333333333333,495,257
"142",6,23,1.13077585528395,1.18036860633672,0.244444444444444,540,257
"143",6,25,1.08057179142928,1.11824394284531,0.422222222222222,585,257
"144",6,27,1.0340356043859,1.0561192793539,0.2,630,257
"145",6,29,1.01844712793787,1.0561192793539,0.222222222222222,675,257
"146",6,31,0.977030685610266,1.0147028370263,0.355555555555556,720,257
"147",6,33,0.997738906774069,1.0354110581901,0.266666666666667,765,257
"148",6,35,0.954259283740107,0.993994615862497,0.355555555555556,810,257
"149",6,37,1.98562039461766,0.952578173534893,0.311111111111111,855,257
"150",6,39,1.98401569851272,0.973286394698695,0.266666666666667,900,257
"151",6,41,1.9011063997573,0.952578173534893,0.288888888888889,945,257
"152",6,43,1.82087159451011,0.911161731207289,0.266666666666667,990,257
"153",6,45,1.69165535101201,0.828328846552081,0.222222222222222,1035,257
"154",6,47,1.67285748235408,0.849037067715883,0.333333333333333,1080,257
"155",6,49,1.66376420442606,1.69807413543177,0.533333333333333,1125,257
"156",6,51,1.59736035132149,1.63594947194036,0.466666666666667,1170,257
"157",7,1,1.55212320398209,1.57382480844895,0.466666666666667,45,257
"158",7,3,1.4925966198987,1.51170014495755,0.488888888888889,90,257
"159",7,5,1.49083909559326,1.51170014495755,0.333333333333333,135,257
"160",7,7,1.49137399429492,1.51170014495755,0.377777777777778,180,257
"161",7,9,1.36299830589936,1.40815903913854,0.333333333333333,225,257
"162",7,11,1.31409328174871,1.36674259681093,0.288888888888889,270,257
"163",7,13,1.25968644238108,1.32532615448333,0.4,315,257
"164",7,15,1.22285484606761,1.28390971215573,0.355555555555556,360,257
"165",7,17,1.21154555923279,1.26320149099192,0.422222222222222,405,257
"166",7,19,1.18793360226005,1.22178504866432,0.311111111111111,450,257
"167",7,21,1.18854491506193,1.22178504866432,0.377777777777778,495,257
"168",7,23,1.15698589166469,1.18036860633672,0.311111111111111,540,257
"169",7,25,1.1322277231884,1.15966038517291,0.444444444444444,585,257
"170",7,27,1.12114767865428,1.13895216400911,0.244444444444444,630,257
"171",7,29,1.09302728976764,1.11824394284531,0.266666666666667,675,257
"172",7,31,1.04435150791766,1.0561192793539,0.333333333333333,720,257
"173",7,33,1.0103472333129,1.0354110581901,0.288888888888889,765,257
"174",7,35,0.970000588388594,0.993994615862497,0.244444444444444,810,257
"175",7,37,2.06639009856653,0.993994615862497,0.2,855,257
"176",7,39,1.94756617270043,0.931869952371091,0.155555555555556,900,257
"177",7,41,1.88246135929984,0.911161731207289,0.4,945,257
"178",7,43,1.83775911066212,0.911161731207289,0.288888888888889,990,257
"179",7,45,1.74476315067559,0.890453510043487,0.266666666666667,1035,257
"180",7,47,1.66773773763828,0.849037067715883,0.244444444444444,1080,257
"181",7,49,1.61371296877182,1.65665769310416,0.4,1125,257
"182",7,51,1.54738552976746,1.57382480844895,0.488888888888889,1170,257
"183",8,1,1.51643781917212,1.55311658728515,0.4,45,257
"184",8,3,1.44124634454042,1.44957548146614,0.4,90,257
"185",8,5,1.43948882023501,1.44957548146614,0.355555555555556,135,257
"186",8,7,1.38011506435208,1.40815903913854,0.288888888888889,180,257
"187",8,9,1.25617139377023,1.28390971215573,0.4,225,257
"188",8,11,1.19725612248875,1.22178504866432,0.2,270,257
"189",8,13,1.13184565268721,1.15966038517291,0.244444444444444,315,257
"190",8,15,1.14391908052442,1.18036860633672,0.333333333333333,360,257
"191",8,17,1.18533552285203,1.22178504866432,0.333333333333333,405,257
"192",8,19,1.17586017442284,1.20107682750052,0.266666666666667,450,257
"193",8,21,1.15232463155033,1.18036860633672,0.311111111111111,495,257
"194",8,23,1.15232463155034,1.18036860633672,0.355555555555556,540,257
"195",8,25,1.13352676289242,1.15966038517291,0.377777777777778,585,257
"196",8,27,1.09386784487023,1.11824394284531,0.333333333333333,630,257
"197",8,29,1.09386784487023,1.11824394284531,0.333333333333333,675,257
"198",8,31,1.07315962370643,1.09753572168151,0.222222222222222,720,257
"199",8,33,1.00988874871149,1.0354110581901,0.155555555555556,765,257
"200",8,35,0.978024068913314,1.0147028370263,0.311111111111111,810,257
"201",8,37,2.00564088887939,0.952578173534893,0.244444444444444,855,257
"202",8,39,1.92364855932676,0.890453510043487,0.311111111111111,900,257
"203",8,41,1.87848782608761,0.849037067715883,0.244444444444444,945,257
"204",8,43,1.77930232398202,0.807620625388279,0.244444444444444,990,257
"205",8,45,1.76440157443611,0.807620625388279,0.244444444444444,1035,257
"206",8,47,1.72000498219935,0.786912404224477,0.2,1080,257
"207",8,49,1.68836954470187,1.67736591426796,0.355555555555556,1125,257
"208",8,51,1.68042247827737,1.65665769310416,0.466666666666667,1170,257
"209",9,1,1.66200668012062,1.63594947194036,0.4,45,257
"210",9,3,1.63403911943447,1.59453302961276,0.266666666666667,90,257
"211",9,5,1.57122672904093,1.51170014495755,0.577777777777778,135,257
"212",9,7,1.54967795277454,1.49099192379375,0.488888888888889,180,257
"213",9,9,1.37889243874835,1.36674259681093,0.422222222222222,225,257
"214",9,11,1.52950463031241,1.53240836612135,0.311111111111111,270,257
"215",9,13,1.5864331349878,1.59453302961276,0.333333333333333,315,257
"216",9,15,1.59713110902078,1.59453302961276,0.333333333333333,360,257
"217",9,17,1.5590004730033,1.57382480844895,0.488888888888889,405,257
"218",9,19,1.5365347275341,1.55311658728515,0.355555555555556,450,257
"219",9,21,1.49366641730202,1.49099192379375,0.377777777777778,495,257
"220",9,23,1.4319238243118,1.44957548146614,0.4,540,257
"221",9,25,1.31478100865088,1.32532615448333,0.533333333333333,585,257
"222",9,27,1.30805656783017,1.30461793331953,0.311111111111111,630,257
"223",9,29,1.28085314814635,1.28390971215573,0.288888888888889,675,257
"224",9,31,1.27061365871481,1.28390971215573,0.355555555555556,720,257
"225",9,33,1.24990543755101,1.26320149099192,0.4,765,257
"226",9,35,1.17570734622239,1.18036860633672,0.4,810,257
"227",9,37,2.1927026062557,1.15966038517291,0.288888888888889,855,257
"228",9,39,2.07181549968326,1.11824394284531,0.4,900,257
"229",9,41,1.99287973414007,1.07682750051771,0.266666666666667,945,257
"230",9,43,1.92013351071595,1.0561192793539,0.422222222222222,990,257
"231",9,45,1.83195163904428,1.0354110581901,0.222222222222222,1035,257
"232",9,47,1.75446774140554,1.0147028370263,0.355555555555556,1080,257
"233",9,49,1.67759515656867,1.78090702008697,0.511111111111111,1125,257
"234",9,51,1.60469610494407,1.69807413543177,0.311111111111111,1170,257
"235",10,1,1.55785426149975,1.65665769310416,0.377777777777778,45,257
"236",10,3,1.50780302584554,1.59453302961276,0.333333333333333,90,257
"237",10,5,1.48487879577492,1.59453302961276,0.4,135,257
"238",10,7,1.46394133231041,1.55311658728515,0.333333333333333,180,257
"239",10,9,1.54455820805879,1.63594947194036,0.377777777777778,225,257
"240",10,11,1.53003952901407,1.57382480844895,0.288888888888889,270,257
"241",10,13,1.57925020956568,1.61524125077656,0.644444444444444,315,257
"242",10,15,1.49305510450013,1.51170014495755,0.377777777777778,360,257
"243",10,17,1.51873024217923,1.53240836612135,0.288888888888889,405,257
"244",10,19,1.48938722768885,1.51170014495755,0.333333333333333,450,257
"245",10,21,1.42726256419743,1.44957548146614,0.377777777777778,495,257
"246",10,23,1.3825603155597,1.40815903913854,0.333333333333333,540,257
"247",10,25,1.3411438732321,1.36674259681093,0.422222222222222,585,257
"248",10,27,1.27901920974069,1.30461793331953,0.311111111111111,630,257
"249",10,29,1.25831098857689,1.28390971215573,0.333333333333333,675,257
"250",10,31,1.25831098857689,1.28390971215573,0.377777777777778,720,257
"251",10,33,1.23760276741309,1.26320149099192,0.355555555555556,765,257
"252",10,35,1.21101066053116,1.24249326982812,0.288888888888889,810,257
"253",10,37,2.51990778346382,1.18036860633672,0.311111111111111,855,257
"254",10,39,2.44723797413991,1.13895216400911,0.355555555555556,900,257
"255",10,41,2.34125161711339,1.11824394284531,0.311111111111111,945,257
"256",10,43,2.2646846886775,1.09753572168151,0.288888888888889,990,257
"257",10,45,2.2180720875339,1.07682750051771,0.266666666666667,1035,257
"258",10,47,2.18444988343031,1.0354110581901,0.355555555555556,1080,257
"259",10,49,2.12721572235395,2.25719610685442,0.511111111111111,1125,257
"260",10,51,2.06524388706301,2.19507144336302,0.488888888888889,1170,257
"261",11,1,2.03215658166106,2.15365500103541,0.6,45,257
"262",11,3,1.95757641983128,2.0708221163802,0.444444444444444,90,257
"263",11,5,1.92555891183264,2.0294056740526,0.511111111111111,135,257
"264",11,7,1.87344449547208,1.96728101056119,0.6,180,257
"265",11,9,1.84410148098169,1.92586456823359,0.533333333333333,225,257
"266",11,11,1.767610966646,1.84303168357838,0.533333333333333,270,257
"267",11,13,1.67018298884583,1.73949057775937,0.377777777777778,315,257
"268",11,15,1.65558789570087,1.71878235659557,0.488888888888889,360,257
"269",11,17,1.61554690717751,1.65665769310416,0.355555555555556,405,257
"270",11,19,1.58673879138876,1.63594947194036,0.511111111111111,450,257
"271",11,21,1.50780302584555,1.55311658728515,0.488888888888889,495,257
"272",11,23,1.45354901467841,1.49099192379375,0.355555555555556,540,257
"273",11,25,1.42458807068918,1.47028370262994,0.4,585,257
"274",11,27,1.37514814783685,1.40815903913854,0.422222222222222,630,257
"275",11,29,1.30935560753414,1.34603437564713,0.155555555555556,675,257
"276",11,31,1.30935560753415,1.34603437564713,0.311111111111111,720,257
"277",11,33,1.27183628431856,1.30461793331953,0.333333333333333,765,257
"278",11,35,1.2408885737232,1.28390971215573,0.311111111111111,810,257
"279",11,37,2.29257583526342,1.22178504866432,0.244444444444444,855,257
"280",11,39,2.21195895951501,1.15966038517291,0.244444444444444,900,257
"281",11,41,2.16022661365561,1.15966038517291,0.355555555555556,945,257
"282",11,43,2.08877942993551,1.15966038517291,0.266666666666667,990,257
"283",11,45,2.04224324289214,1.11824394284531,0.266666666666667,1035,257
"284",11,47,1.98095913450332,1.07682750051771,0.244444444444444,1080,257
"285",11,49,1.86480970214545,1.92586456823359,0.422222222222222,1125,257
"286",11,51,1.84066284647106,1.90515634706979,0.422222222222222,1170,257
"287",12,1,1.81338301268702,1.88444812590598,0.422222222222222,45,257
"288",12,3,1.74804895698569,1.82232346241458,0.533333333333333,90,257
"289",12,5,1.67927626677382,1.73949057775937,0.422222222222222,135,257
"290",12,7,1.64221542815964,1.69807413543177,0.288888888888889,180,257
"291",12,9,1.55418638468845,1.59453302961276,0.4,225,257
"292",12,11,1.52446129969688,1.55311658728515,0.466666666666667,270,257
"293",12,13,1.47471572044362,1.51170014495755,0.466666666666667,315,257
"294",12,15,1.41442499535787,1.44957548146614,0.4,360,257
"295",12,17,1.35482199717425,1.38745081797474,0.355555555555556,405,257
"296",12,19,1.31340555484665,1.34603437564713,0.311111111111111,450,257
"297",12,21,1.29269733368284,1.32532615448333,0.311111111111111,495,257
"298",12,23,1.2848266813586,1.32532615448333,0.4,540,257
"299",12,25,1.2641184601948,1.30461793331953,0.355555555555556,585,257
"300",12,27,1.20199379670339,1.24249326982812,0.333333333333333,630,257
"301",12,29,1.1985551621928,1.24249326982812,0.288888888888889,675,257
"302",12,31,1.15713871986519,1.20107682750052,0.333333333333333,720,257
"303",12,33,1.11572227753759,1.15966038517291,0.422222222222222,765,257
"304",12,35,1.05298630124429,1.09753572168151,0.333333333333333,810,257
"305",12,37,2.23786333949481,1.0561192793539,0.4,855,257
"306",12,39,2.17100100178882,1.0354110581901,0.355555555555556,900,257
"307",12,41,2.16985479028527,1.0354110581901,0.288888888888889,945,257
"308",12,43,2.10918199469835,1.0147028370263,0.288888888888889,990,257
"309",12,45,2.03750556867752,0.993994615862497,0.244444444444444,1035,257
"310",12,47,2.00961442209159,0.993994615862497,0.177777777777778,1080,257
"311",12,49,1.89155463722783,1.96728101056119,0.466666666666667,1125,257
"312",12,51,1.87084641606405,1.94657278939739,0.488888888888889,1170,257
"313",13,1,1.81384149728842,1.90515634706979,0.422222222222222,45,257
"314",13,3,1.79091726721781,1.86373990474218,0.288888888888889,90,257
"315",13,5,1.73605194324876,1.84303168357838,0.422222222222222,135,257
"316",13,7,1.66384061852627,1.76019879892317,0.4,180,257
"317",13,9,1.6677377376383,1.76019879892317,0.311111111111111,225,257
"318",13,11,1.58589823628616,1.65665769310416,0.311111111111111,270,257
"319",13,13,1.47463930634338,1.53240836612135,0.355555555555556,315,257
"320",13,15,1.46233663620548,1.53240836612135,0.311111111111111,360,257
"321",13,17,1.42519938349106,1.49099192379375,0.266666666666667,405,257
"322",13,19,1.42160792078,1.47028370262994,0.222222222222222,450,257
"323",13,21,1.42160792077999,1.47028370262994,0.311111111111111,495,257
"324",13,23,1.36651335451025,1.40815903913854,0.311111111111111,540,257
"325",13,25,1.27894279564046,1.32532615448333,0.222222222222222,585,257
"326",13,27,1.25823457447666,1.30461793331953,0.222222222222222,630,257
"327",13,29,1.25823457447666,1.30461793331953,0.311111111111111,675,257
"328",13,31,1.2270576215806,1.26320149099192,0.311111111111111,720,257
"329",13,33,1.17448472061862,1.22178504866432,0.266666666666667,765,257
"330",13,35,1.120077881251,1.15966038517291,0.333333333333333,810,257
"331",13,37,2.08862660173503,1.11824394284531,0.266666666666667,855,257
"332",13,39,2.08855018763478,1.13895216400911,0.133333333333333,900,257
"333",13,41,2.03956874938388,1.11824394284531,0.288888888888889,945,257
"334",13,43,2.02443875753726,1.09753572168151,0.266666666666667,990,257
"335",13,45,1.9822581742073,1.07682750051771,0.355555555555556,1035,257
"336",13,47,1.92051558121709,1.0354110581901,0.377777777777778,1080,257
"337",13,49,1.88612923611114,1.92586456823359,0.4,1125,257
"338",13,51,1.86542101494734,1.90515634706979,0.444444444444444,1170,257
"339",14,1,1.78801353140885,1.82232346241458,0.422222222222222,45,257
"340",14,3,1.66857829274089,1.69807413543177,0.422222222222222,90,257
"341",14,5,1.67881778217243,1.69807413543177,0.311111111111111,135,257
"342",14,7,1.63969376285189,1.65665769310416,0.355555555555556,180,257
"343",14,9,1.49848050561679,1.51170014495755,0.377777777777778,225,257
"344",14,11,1.45118017757108,1.47028370262994,0.466666666666667,270,257
"345",14,13,1.36116436749378,1.38745081797474,0.422222222222222,315,257
"346",14,15,1.33999766172857,1.36674259681093,0.311111111111111,360,257
"347",14,17,1.34435326544198,1.36674259681093,0.355555555555556,405,257
"348",14,19,1.30721601272757,1.32532615448333,0.377777777777778,450,257
"349",14,21,1.27397587912516,1.30461793331953,0.288888888888889,495,257
"350",14,23,1.23255943679755,1.26320149099192,0.311111111111111,540,257
"351",14,25,1.19481087128125,1.22178504866432,0.377777777777778,585,257
"352",14,27,1.21139273103235,1.24249326982812,0.355555555555556,630,257
"353",14,29,1.14880958293952,1.18036860633672,0.177777777777778,675,257
"354",14,31,1.16951780410333,1.20107682750052,0.333333333333333,720,257
"355",14,33,1.12810136177572,1.15966038517291,0.377777777777778,765,257
"356",14,35,1.09952248828767,1.13895216400911,0.266666666666667,810,257
"357",14,37,2.04965541061498,1.09753572168151,0.422222222222222,855,257
"358",14,39,2.00640502988171,1.09753572168151,0.311111111111111,900,257
"359",14,41,1.96659328365906,1.07682750051771,0.222222222222222,945,257
"360",14,43,1.86794268025513,1.0354110581901,0.288888888888889,990,257
"361",14,45,1.8512844064038,1.0561192793539,0.288888888888889,1035,257
"362",14,47,1.78946539931332,1.0147028370263,0.266666666666667,1080,257
"363",14,49,1.78870125831097,1.88444812590598,0.266666666666667,1125,257
"364",14,51,1.76822227944788,1.86373990474218,0.466666666666667,1170,257
"365",15,1,1.71274564267695,1.80161524125078,0.377777777777778,45,257
"366",15,3,1.69295439071596,1.78090702008697,0.555555555555556,90,257
"367",15,5,1.64106921665611,1.71878235659557,0.466666666666667,135,257
"368",15,7,1.57604081735572,1.65665769310416,0.488888888888889,180,257
"369",15,9,1.56121648191011,1.63594947194036,0.488888888888889,225,257
"370",15,11,1.54058467484654,1.59453302961276,0.333333333333333,270,257
"371",15,13,1.46080835420075,1.51170014495755,0.488888888888889,315,257
"372",15,15,1.45714047738945,1.53240836612135,0.422222222222222,360,257
"373",15,17,1.38913192817993,1.47028370262994,0.377777777777778,405,257
"374",15,19,1.33014024279818,1.40815903913854,0.333333333333333,450,257
"375",15,21,1.30927919343391,1.38745081797474,0.266666666666667,495,257
"376",15,23,1.29682369509554,1.38745081797474,0.4,540,257
"377",15,25,1.29682369509553,1.38745081797474,0.355555555555556,585,257
"378",15,27,1.26564674219948,1.34603437564713,0.355555555555556,630,257
"379",15,29,1.21399081044032,1.30461793331953,0.266666666666667,675,257
"380",15,31,1.1779233551292,1.26320149099192,0.333333333333333,720,257
"381",15,33,1.13650691280159,1.22178504866432,0.377777777777778,765,257
"382",15,35,1.10112718439259,1.18036860633672,0.311111111111111,810,257
"383",15,37,2.23702278439225,1.15966038517291,0.333333333333333,855,257
"384",15,39,2.19323750495733,1.15966038517291,0.444444444444444,900,257
"385",15,41,2.08022105070911,1.09753572168151,0.333333333333333,945,257
"386",15,43,1.93541633076299,1.0354110581901,0.222222222222222,990,257
"387",15,45,1.9017941266594,1.0147028370263,0.0888888888888889,1035,257
"388",15,47,1.86503894444615,1.0354110581901,0.222222222222222,1080,257
"389",15,49,1.83027052883902,1.96728101056119,0.444444444444444,1125,257
"390",15,51,1.8123132152837,1.94657278939739,0.488888888888889,1170,257
"391",16,1,1.50245403882904,1.63594947194036,0.444444444444444,45,257
"392",16,3,1.28711910436562,1.42886726030234,0.244444444444444,90,257
"393",16,5,1.10876859441609,1.22178504866432,0.266666666666667,135,257
"394",16,7,0.884951694826539,1.0147028370263,0.333333333333333,180,257
"395",16,9,0.916205061822854,1.0354110581901,0.311111111111111,225,257
"396",16,11,0.955634737544336,1.0354110581901,0.222222222222222,270,257
"397",16,13,0.823361930036813,0.911161731207289,0.2,315,257
"398",16,15,0.698195633851175,0.786912404224477,0.2,360,257
"399",16,17,0.62804748983505,0.704079519569269,0.133333333333333,405,257
"400",16,19,0.550334349895609,0.600538413750259,0.133333333333333,450,257
"401",16,21,0.429982142024792,0.455580865603645,0.155555555555556,495,257
"402",16,23,0.357159504500419,0.372747980948437,0.111111111111111,540,257
"403",16,25,0.36266131971737,0.372747980948437,0.0222222222222222,585,257
"404",16,27,0.316965687776577,0.331331538620832,0.111111111111111,630,257
"405",16,29,0.259120213898355,0.269206875129426,0.0888888888888889,675,257
"406",16,31,0.210215189747675,0.20708221163802,0.0444444444444444,720,257
"407",16,33,0.13250204980824,0.124249326982812,0.0888888888888889,765,257
"408",16,35,0.125701194887287,0.124249326982812,0.0222222222222222,810,257
"409",16,37,0.279752020961917,0.124249326982812,0.0222222222222222,855,257
"410",16,39,0.289838682192997,0.165665769310416,0.0222222222222222,900,257
"411",16,41,0.25866172929694,0.124249326982812,0.0666666666666667,945,257
"412",16,43,0.237953508133138,0.10354110581901,0.0222222222222222,990,257
"413",16,45,0.185227778970688,0.0828328846552081,0.0444444444444444,1035,257
"414",16,47,0.184081567467156,0.0828328846552081,0,1080,257
"415",16,49,0.182935355963625,0.10354110581901,0,1125,257
"416",16,51,0.16979213072313,0.10354110581901,0,1170,257
"417",17,1,0.152675372270394,0.10354110581901,0.0666666666666667,45,257
"418",17,3,0.150000878762154,0.10354110581901,0,90,257
"419",17,5,0.131203010104237,0.10354110581901,0.0222222222222222,135,257
"420",17,7,0.128604930696233,0.10354110581901,0,180,257
"421",17,9,0.450002636286474,0.434872644439843,0.0666666666666667,225,257
"422",17,11,0.475983430366521,0.476289086767447,0.111111111111111,270,257
"423",17,13,0.417832300087353,0.434872644439843,0.155555555555556,315,257
"424",17,15,0.45387248493892,0.476289086767447,0.222222222222222,360,257
"425",17,17,0.404765488947096,0.414164423276041,0.133333333333333,405,257
"426",17,19,0.303746048435849,0.31062331745703,0.133333333333333,450,257
"427",17,21,0.25270142947858,0.248498653965624,0.0888888888888889,495,257
"428",17,23,0.162303548900057,0.165665769310416,0.0888888888888889,540,257
"429",17,25,0.162227134799822,0.165665769310416,0.0444444444444444,585,257
"430",17,27,0.150306535163094,0.144957548146614,0.0222222222222222,630,257
"431",17,29,0.117524886162095,0.124249326982812,0.0444444444444444,675,257
"432",17,31,0.119664480968687,0.124249326982812,0,720,257
"433",17,33,0.0887167703733368,0.10354110581901,0.0222222222222222,765,257
"434",17,35,0.075191474631665,0.0828328846552081,0.0222222222222222,810,257
"435",17,37,0.171320412727839,0.0828328846552081,0,855,257
"436",17,39,0.202344537423425,0.124249326982812,0,900,257
"437",17,41,0.176975056145261,0.0828328846552081,0.0444444444444444,945,257
"438",17,43,0.162150720699586,0.0828328846552081,0,990,257
"439",17,45,0.159781883592288,0.0828328846552081,0.0222222222222222,1035,257
"440",17,47,0.124860639784696,0.0621246634914061,0.0222222222222222,1080,257
"441",17,49,0.120505036071276,0.10354110581901,0,1125,257
"442",17,51,0.114391908052442,0.10354110581901,0,1170,257
"443",18,1,0.114391908052442,0.10354110581901,0,45,257
"444",18,3,0.112481555546556,0.10354110581901,0,90,257
"445",18,5,0.106139185227016,0.10354110581901,0,135,257
"446",18,7,0.0956704534947612,0.0828328846552081,0,180,257
"447",18,9,0.397353321224269,0.352039759784635,0.0444444444444444,225,257
"448",18,11,0.46964106004699,0.434872644439843,0.0666666666666667,270,257
"449",18,13,0.420812449996542,0.393456202112239,0.155555555555556,315,257
"450",18,15,0.331713609122021,0.331331538620832,0.111111111111111,360,257
"451",18,17,0.334388102630263,0.352039759784635,0.0444444444444444,405,257
"452",18,19,0.265386170117661,0.289915096293228,0.155555555555556,450,257
"453",18,21,0.206241656535432,0.227790432801822,0.0888888888888889,495,257
"454",18,23,0.228707402004651,0.248498653965624,0,540,257
"455",18,25,0.207999180840847,0.227790432801822,0.0222222222222222,585,257
"456",18,27,0.178197681749027,0.20708221163802,0.0666666666666667,630,257
"457",18,29,0.157489460585224,0.186373990474218,0.0222222222222222,675,257
"458",18,31,0.115690947756445,0.144957548146614,0.0444444444444444,720,257
"459",18,33,0.125471952586579,0.144957548146614,0.0222222222222222,765,257
"460",18,35,0.111029687642083,0.124249326982812,0.0444444444444444,810,257
"461",18,37,0.244448706653147,0.124249326982812,0,855,257
"462",18,39,0.252395773077635,0.144957548146614,0,900,257
"463",18,41,0.220301850978752,0.124249326982812,0.0222222222222222,945,257
"464",18,43,0.190729594187639,0.10354110581901,0.0444444444444444,990,257
"465",18,45,0.190729594187639,0.10354110581901,0,1035,257
"466",18,47,0.187214545576809,0.10354110581901,0,1080,257
"467",18,49,0.17697505614526,0.165665769310416,0.0222222222222222,1125,257
"468",18,51,0.171396826828073,0.165665769310416,0.0222222222222222,1170,257
"469",19,1,0.165818597510887,0.165665769310416,0.0222222222222222,45,257
"470",19,3,0.155961178580517,0.165665769310416,0.0222222222222222,90,257
"471",19,5,0.150153706962624,0.165665769310416,0,135,257
"472",19,7,0.142435882838845,0.165665769310416,0.0444444444444444,180,257
"473",19,9,0.425047362280609,0.476289086767447,0.0444444444444444,225,257
"474",19,11,0.569852082226767,0.641954856077863,0.0444444444444444,270,257
"475",19,13,0.47807874784401,0.559121971422655,0.155555555555556,315,257
"476",19,15,0.383554505852768,0.455580865603645,0.2,360,257
"477",19,17,0.383325263552068,0.455580865603645,0.0888888888888889,405,257
"478",19,19,0.302937630104384,0.372747980948437,0.155555555555556,450,257
"479",19,21,0.329165319896972,0.393456202112239,0,495,257
"480",19,23,0.253209704262949,0.31062331745703,0.0888888888888889,540,257
"481",19,25,0.23224734570696,0.269206875129426,0.0222222222222222,585,257
"482",19,27,0.18301177006386,0.20708221163802,0.0666666666666667,630,257
"483",19,29,0.171043728497603,0.227790432801822,0.0666666666666667,675,257
"484",19,31,0.15122350436592,0.186373990474218,0.0444444444444444,720,257
"485",19,33,0.153133856871806,0.186373990474218,0,765,257
"486",19,35,0.159975584451025,0.20708221163802,0,810,257
"487",19,37,0.369691416939021,0.20708221163802,0.0222222222222222,855,257
"488",19,39,0.369538588738552,0.20708221163802,0.0666666666666667,900,257
"489",19,41,0.36839237723502,0.20708221163802,0,945,257
"490",19,43,0.33843804994273,0.165665769310416,0.0444444444444444,990,257
"491",19,45,0.302599836932313,0.144957548146614,0.0444444444444444,1035,257
"492",19,47,0.249339209068216,0.144957548146614,0,1080,257
"493",19,49,0.22282351628652,0.289915096293228,0,1125,257
"494",19,51,0.206241656535432,0.269206875129426,0.0222222222222222,1170,257
"495",20,1,0.169104403821012,0.227790432801822,0.0444444444444444,45,257
"496",20,3,0.169104403821012,0.227790432801822,0,90,257
"497",20,5,0.169104403821012,0.227790432801822,0,135,257
"498",20,7,0.169104403821012,0.227790432801822,0,180,257
"499",20,9,0.424403912707597,0.476289086767447,0.155555555555556,225,257
"500",20,11,0.431357595829025,0.476289086767447,0.111111111111111,270,257
"501",20,13,0.468418434443207,0.496997307931249,0.133333333333333,315,257
"502",20,15,0.387801558694824,0.393456202112239,0.155555555555556,360,257
"503",20,17,0.316660031375633,0.331331538620832,0.177777777777778,405,257
"504",20,19,0.245824160457391,0.269206875129426,0.155555555555556,450,257
"505",20,21,0.178274095849262,0.186373990474218,0.111111111111111,495,257
"506",20,23,0.237647851732198,0.248498653965624,0.0222222222222222,540,257
"507",20,25,0.137010481722128,0.144957548146614,0.111111111111111,585,257
"508",20,27,0.118136198963978,0.124249326982812,0.0444444444444444,630,257
"509",20,29,0.138768006027543,0.144957548146614,0,675,257
"510",20,31,0.0975808060006471,0.10354110581901,0.0444444444444444,720,257
"511",20,33,0.0936836868886402,0.10354110581901,0.0222222222222222,765,257
"512",20,35,0.0759556156340199,0.0828328846552081,0,810,257
"513",20,37,0.0910091933803996,0.0414164423276041,0,855,257
"514",20,39,0.130515283202117,0.0828328846552081,0,900,257
"515",20,41,0.115843775956915,0.0621246634914061,0.0222222222222222,945,257
"516",20,43,0.113704181150323,0.0621246634914061,0.0222222222222222,990,257
"517",20,45,0.110189132539493,0.0621246634914061,0,1035,257
"518",20,47,0.100331713609122,0.0414164423276041,0,1080,257
"519",20,49,0.100331713609123,0.0621246634914061,0,1125,257
"520",20,51,0.100331713609123,0.0621246634914061,0,1170,257
"521",21,1,0.100331713609122,0.0621246634914061,0,45,257
"522",21,3,0.100331713609122,0.0621246634914061,0,90,257
"523",21,5,0.0956704534947613,0.0621246634914061,0,135,257
"524",21,7,0.0751150605314298,0.0414164423276041,0,180,257
"525",21,9,0.324225027298946,0.331331538620832,0.0222222222222222,225,257
"526",21,11,0.370192636833531,0.393456202112239,0.0666666666666667,270,257
"527",21,13,0.340883301150264,0.393456202112239,0.0888888888888889,315,257
"528",21,15,0.40935033496122,0.476289086767447,0.0666666666666667,360,257
"529",21,17,0.346232288166748,0.393456202112239,0.0444444444444444,405,257
"530",21,19,0.327205177208125,0.414164423276041,0.0444444444444444,450,257
"531",21,21,0.197377620908122,0.248498653965624,0.177777777777778,495,257
"532",21,23,0.157871531086401,0.186373990474218,0.0444444444444444,540,257
"533",21,25,0.111870242744672,0.124249326982812,0.0888888888888889,585,257
"534",21,27,0.0913148497813419,0.0828328846552081,0.0222222222222222,630,257
"535",21,29,0.104458075021836,0.10354110581901,0,675,257
"536",21,31,0.0934544445879339,0.0828328846552081,0.0222222222222222,720,257
"537",21,33,0.0720584965220128,0.0621246634914061,0.0222222222222222,765,257
"538",21,35,0.074198091328605,0.0621246634914061,0,810,257
"539",21,37,0.159629055391818,0.0828328846552081,0,855,257
"540",21,39,0.166582738513241,0.0828328846552081,0.0222222222222222,900,257
"541",21,41,0.152751786370628,0.0621246634914061,0.0444444444444444,945,257
"542",21,43,0.137163309922601,0.0414164423276041,0.0222222222222222,990,257
"543",21,45,0.152293301769216,0.0621246634914061,0,1035,257
"544",21,47,0.152293301769216,0.0621246634914061,0,1080,257
"545",21,49,0.148931081358857,0.144957548146614,0.0222222222222222,1125,257
"546",21,51,0.148931081358857,0.144957548146614,0,1170,257
"547",22,1,0.129598313999293,0.124249326982812,0.0222222222222222,45,257
"548",22,3,0.129598313999293,0.124249326982812,0,90,257
"549",22,5,0.129598313999293,0.124249326982812,0,135,257
"550",22,7,0.129598313999293,0.124249326982812,0,180,257
"551",22,9,0.358840614705604,0.331331538620832,0,225,257
"552",22,11,0.493940743921854,0.476289086767447,0.0444444444444444,270,257
"553",22,13,0.514119680481168,0.496997307931249,0.133333333333333,315,257
"554",22,15,0.421658619196289,0.393456202112239,0.155555555555556,360,257
"555",22,17,0.360521724910777,0.331331538620832,0.133333333333333,405,257
"556",22,19,0.311616700760096,0.289915096293228,0.0666666666666667,450,257
"557",22,21,0.253662925694697,0.227790432801822,0.111111111111111,495,257
"558",22,23,0.229853613508182,0.20708221163802,0.0444444444444444,540,257
"559",22,25,0.194626713299646,0.165665769310416,0.0444444444444444,585,257
"560",22,27,0.194626713299646,0.165665769310416,0.0222222222222222,630,257
"561",22,29,0.187902272478928,0.165665769310416,0.0222222222222222,675,257
"562",22,31,0.191875805691171,0.165665769310416,0,720,257
"563",22,33,0.128528516595997,0.10354110581901,0.0888888888888889,765,257
"564",22,35,0.113245696548911,0.10354110581901,0.0444444444444444,810,257
"565",22,37,0.298549889619835,0.10354110581901,0,855,257
"566",22,39,0.320939220988818,0.144957548146614,0.0222222222222222,900,257
"567",22,41,0.206470898836138,0.124249326982812,0.0222222222222222,945,257
"568",22,43,0.194321056898704,0.10354110581901,0.0222222222222222,990,257
"569",22,45,0.173536421634666,0.0828328846552081,0.0222222222222222,1035,257
"570",22,47,0.172543038331605,0.0828328846552081,0,1080,257
"571",22,49,0.165665769310416,0.124249326982812,0.0222222222222222,1125,257
"572",22,51,0.186373990474218,0.144957548146614,0,1170,257
"573",23,1,0.173612835734901,0.144957548146614,0.0222222222222222,45,257
"574",23,3,0.15672531958287,0.124249326982812,0,90,257
"575",23,5,0.15672531958287,0.124249326982812,0,135,257
"576",23,7,0.15672531958287,0.124249326982812,0,180,257
"577",23,9,0.395748625119311,0.414164423276041,0.0444444444444444,225,257
"578",23,11,0.38375161138235,0.393456202112239,0.155555555555556,270,257
"579",23,13,0.422799216602662,0.434872644439843,0.0888888888888889,315,257
"580",23,15,0.30718468294644,0.31062331745703,0.266666666666667,360,257
"581",23,17,0.312915740464095,0.31062331745703,0.0222222222222222,405,257
"582",23,19,0.328122146410948,0.331331538620832,0.0222222222222222,450,257
"583",23,21,0.249186380867745,0.248498653965624,0.111111111111111,495,257
"584",23,23,0.221218820181577,0.227790432801822,0.0444444444444444,540,257
"585",23,25,0.197454035008357,0.20708221163802,0.0222222222222222,585,257
"586",23,27,0.175523188240787,0.186373990474218,0.0222222222222222,630,257
"587",23,29,0.151299918466155,0.165665769310416,0.0444444444444444,675,257
"588",23,31,0.128604930696232,0.144957548146614,0.0444444444444444,720,257
"589",23,33,0.10721862366165,0.124249326982812,0.0222222222222222,765,257
"590",23,35,0.107218623661649,0.124249326982812,0,810,257
"591",23,37,0.237036538930311,0.186373990474218,0,855,257
"592",23,39,0.247887341163744,0.186373990474218,0.0444444444444444,900,257
"593",23,41,0.242385525946793,0.186373990474218,0,945,257
"594",23,43,0.224428212391465,0.186373990474218,0.0222222222222222,990,257
"595",23,45,0.226567807198058,0.186373990474218,0,1035,257
"596",23,47,0.201198325919893,0.165665769310416,0,1080,257
"597",23,49,0.187902272478928,0.20708221163802,0.0222222222222222,1125,257
"598",23,51,0.185839091772571,0.20708221163802,0.0222222222222222,1170,257
"599",24,1,0.185839091772571,0.20708221163802,0,45,257
"600",24,3,0.165130870608769,0.186373990474218,0.0222222222222222,90,257
"601",24,5,0.151987645368275,0.165665769310416,0.0222222222222222,135,257
"602",24,7,0.151987645368275,0.165665769310416,0,180,257
"603",24,9,0.376159060932189,0.372747980948437,0.0444444444444444,225,257
"604",24,11,0.407669224756042,0.414164423276041,0.0888888888888889,270,257
"605",24,13,0.361897178715012,0.352039759784635,0.0666666666666667,315,257
"606",24,15,0.379802983506482,0.372747980948437,0.0666666666666667,360,257
"607",24,17,0.373435707850565,0.372747980948437,0.0888888888888889,405,257
"608",24,19,0.335457900033546,0.331331538620832,0.0444444444444444,450,257
"609",24,21,0.299848929323833,0.289915096293228,0.0888888888888889,495,257
"610",24,23,0.269894602031545,0.269206875129426,0.0444444444444444,540,257
"611",24,25,0.217703771570746,0.20708221163802,0.0444444444444444,585,257
"612",24,27,0.224351798291229,0.227790432801822,0,630,257
"613",24,29,0.196078581204119,0.186373990474218,0.0444444444444444,675,257
"614",24,31,0.184005153366921,0.165665769310416,0.0222222222222222,720,257
"615",24,33,0.184005153366921,0.165665769310416,0,765,257
"616",24,35,0.176669399744319,0.165665769310416,0,810,257
"617",24,37,0.403237206942375,0.124249326982812,0.0444444444444444,855,257
"618",24,39,0.381535602475515,0.10354110581901,0,900,257
"619",24,41,0.349747336777574,0.0828328846552081,0.0444444444444444,945,257
"620",24,43,0.372213082246795,0.124249326982812,0,990,257
"621",24,45,0.321932604291878,0.0828328846552081,0.0444444444444444,1035,257
"622",24,47,0.307566753447616,0.0828328846552081,0,1080,257
"623",24,49,0.307566753447616,0.269206875129426,0,1125,257
"624",24,51,0.278987879959562,0.248498653965624,0.0222222222222222,1170,257
"625",25,1,0.266685209821658,0.248498653965624,0.0222222222222222,45,257
"626",25,3,0.254993852485637,0.248498653965624,0,90,257
"627",25,5,0.254993852485638,0.248498653965624,0,135,257
"628",25,7,0.214570793461094,0.186373990474218,0.0222222222222222,180,257
"629",25,9,0.509911290871052,0.476289086767447,0.0222222222222222,225,257
"630",25,11,0.529473300531326,0.476289086767447,0.111111111111111,270,257
"631",25,13,0.493405845220201,0.455580865603645,0.0888888888888889,315,257
"632",25,15,0.441215014759397,0.434872644439843,0.177777777777778,360,257
"633",25,17,0.404841903047328,0.393456202112239,0.0888888888888889,405,257
"634",25,19,0.377791311563978,0.372747980948437,0.0888888888888889,450,257
"635",25,21,0.357235918600648,0.352039759784635,0.0666666666666667,495,257
"636",25,23,0.337444666639668,0.331331538620832,0.0444444444444444,540,257
"637",25,25,0.261183394604708,0.248498653965624,0.0888888888888889,585,257
"638",25,27,0.205324687332606,0.186373990474218,0.0666666666666667,630,257
"639",25,29,0.205324687332606,0.186373990474218,0,675,257
"640",25,31,0.205324687332606,0.186373990474218,0,720,257
"641",25,33,0.205324687332606,0.186373990474218,0,765,257
"642",25,35,0.226032908496409,0.20708221163802,0,810,257
"643",25,37,0.483166355788638,0.186373990474218,0,855,257
"644",25,39,0.450843191389049,0.186373990474218,0,900,257
"645",25,41,0.423181287103822,0.165665769310416,0.0444444444444444,945,257
"646",25,43,0.401556096737194,0.144957548146614,0.0222222222222222,990,257
"647",25,45,0.371983839946082,0.144957548146614,0.0222222222222222,1035,257
"648",25,47,0.326975934907414,0.144957548146614,0.0222222222222222,1080,257
"649",25,49,0.304510189438199,0.31062331745703,0,1125,257
"650",25,51,0.304510189438199,0.31062331745703,0,1170,257
"651",26,1,0.297938576817951,0.31062331745703,0.0222222222222222,45,257
"652",26,3,0.270353086632961,0.289915096293228,0.0444444444444444,90,257
"653",26,5,0.254382539683755,0.269206875129426,0,135,257
"654",26,7,0.234973358223954,0.248498653965624,0.0222222222222222,180,257
"655",26,9,0.455428037403188,0.455580865603645,0.0666666666666667,225,257
"656",26,11,0.571266379468542,0.600538413750259,0.0888888888888889,270,257
"657",26,13,0.5248066065254,0.559121971422655,0.177777777777778,315,257
"658",26,15,0.473685573467889,0.517705529095051,0.111111111111111,360,257
"659",26,17,0.46100083282881,0.496997307931249,0.0888888888888889,405,257
"660",26,19,0.402085561547285,0.455580865603645,0.111111111111111,450,257
"661",26,21,0.322450259103649,0.372747980948437,0.111111111111111,495,257
"662",26,23,0.351810517483939,0.393456202112239,0.0444444444444444,540,257
"663",26,25,0.31222801356198,0.352039759784635,0.0666666666666667,585,257
"664",26,27,0.316507203175166,0.352039759784635,0.0222222222222222,630,257
"665",26,29,0.273027580141202,0.31062331745703,0.0444444444444444,675,257
"666",26,31,0.254688196084698,0.289915096293228,0.0222222222222222,720,257
"667",26,33,0.188513585280811,0.20708221163802,0.111111111111111,765,257
"668",26,35,0.188513585280812,0.20708221163802,0,810,257
"669",26,37,0.527639362125663,0.186373990474218,0,855,257
"670",26,39,0.495621854127016,0.165665769310416,0.0444444444444444,900,257
"671",26,41,0.49203039141595,0.165665769310416,0,945,257
"672",26,43,0.455810107904354,0.144957548146614,0.0222222222222222,990,257
"673",26,45,0.435101886740551,0.144957548146614,0,1035,257
"674",26,47,0.434337745738198,0.144957548146614,0,1080,257
"675",26,49,0.433573604735843,0.434872644439843,0,1125,257
"676",26,51,0.432580221432782,0.434872644439843,0,1170,257
"677",27,1,0.406293770951792,0.414164423276041,0.0222222222222222,45,257
"678",27,3,0.393685444412944,0.393456202112239,0,90,257
"679",27,5,0.355096323794054,0.352039759784635,0.0444444444444444,135,257
"680",27,7,0.322620331193994,0.31062331745703,0.0222222222222222,180,257
"681",27,9,0.584433717602869,0.641954856077863,0.0666666666666667,225,257
"682",27,11,0.611389215983708,0.662663077241665,0.0888888888888889,270,257
"683",27,13,0.570966156959172,0.621246634914061,0.177777777777778,315,257
"684",27,15,0.469160742845502,0.517705529095051,0.177777777777778,360,257
"685",27,17,0.37672151416069,0.434872644439843,0.266666666666667,405,257
"686",27,19,0.324377855499414,0.372747980948437,0.0888888888888889,450,257
"687",27,21,0.312151599461748,0.372747980948437,0.0888888888888889,495,257
"688",27,23,0.27677187105274,0.331331538620832,0.0444444444444444,540,257
"689",27,25,0.271804954537438,0.331331538620832,0.0666666666666667,585,257
"690",27,27,0.255375922986816,0.289915096293228,0.0444444444444444,630,257
"691",27,29,0.252758274114119,0.289915096293228,0.0222222222222222,675,257
"692",27,31,0.200414615452845,0.20708221163802,0.0666666666666667,720,257
"693",27,33,0.146562244251559,0.144957548146614,0.111111111111111,765,257
"694",27,35,0.150000878762153,0.165665769310416,0,810,257
"695",27,37,0.334846587231663,0.165665769310416,0,855,257
"696",27,39,0.30252342283208,0.144957548146614,0.0444444444444444,900,257
"697",27,41,0.260495667702589,0.10354110581901,0.0666666666666667,945,257
"698",27,43,0.23856482093502,0.0828328846552081,0.0222222222222222,990,257
"699",27,45,0.250714662872453,0.10354110581901,0,1035,257
"700",27,47,0.247046786061153,0.10354110581901,0,1080,257
"701",27,49,0.236348812028193,0.227790432801822,0,1125,257
"702",27,51,0.224428212391465,0.227790432801822,0,1170,257
