"","year","week","total.fox.density","all.but.cub.density","bait.take","bait.cost","baitdensity"
"1",1,1,2.1091231626035,2.17436322219921,0.369565217391304,46,1
"2",1,3,2.1091231626035,2.17436322219921,0.478260869565217,92,1
"3",1,5,2.1091231626035,2.17436322219921,0.347826086956522,138,1
"4",1,7,2.06770672027589,2.13294677987161,0.521739130434783,184,1
"5",1,9,2.06770672027589,2.13294677987161,0.456521739130435,230,1
"6",1,11,1.97571090590219,2.0501138952164,0.5,276,1
"7",1,13,1.92274917212928,1.98798923172499,0.260869565217391,322,1
"8",1,15,1.89370268492165,1.94657278939739,0.391304347826087,368,1
"9",1,17,1.88133272980168,1.94657278939739,0.543478260869565,414,1
"10",1,19,1.81920806631027,1.88444812590598,0.5,460,1
"11",1,21,1.81920806631027,1.88444812590598,0.304347826086957,506,1
"12",1,23,1.76303930713588,1.82232346241458,0.391304347826087,552,1
"13",1,25,1.70815335812209,1.76019879892317,0.434782608695652,598,1
"14",1,27,1.70952779757987,1.78090702008697,0.5,644,1
"15",1,29,1.65354229699985,1.71878235659557,0.391304347826087,690,1
"16",1,31,1.61212585467225,1.67736591426796,0.304347826086957,736,1
"17",1,33,1.59141763350845,1.65665769310416,0.239130434782609,782,1
"18",1,35,1.57070941234465,1.63594947194036,0.347826086956522,828,1
"19",1,37,2.97107996122254,1.63594947194036,0.260869565217391,874,1
"20",1,39,2.90034214379576,1.59453302961276,0.434782608695652,920,1
"21",1,41,2.75749206948441,1.51170014495755,0.282608695652174,966,1
"22",1,43,2.63342600109595,1.40815903913854,0.304347826086957,1012,1
"23",1,45,2.58339640483297,1.36674259681093,0.391304347826087,1058,1
"24",1,47,2.47554872204627,1.34603437564713,0.0869565217391304,1104,1
"25",1,49,2.40059595694897,2.54711120314765,0.543478260869565,1150,1
"26",1,51,2.37365694357663,2.52640298198385,0.5,1196,1
"27",2,1,2.37429834865689,2.54711120314765,0.434782608695652,46,1
"28",2,3,2.31473930548666,2.48498653965624,0.456521739130435,92,1
"29",2,5,2.29888743707365,2.48498653965624,0.5,138,1
"30",2,7,2.24088609195558,2.42286187616484,0.521739130434783,184,1
"31",2,9,2.09739461256387,2.21577966452682,0.58695652173913,230,1
"32",2,11,1.98670642156444,2.091530337544,0.5,276,1
"33",2,13,1.93814289405641,2.0294056740526,0.521739130434783,322,1
"34",2,15,1.89205335757237,1.98798923172499,0.58695652173913,368,1
"35",2,17,1.79034483769704,1.90515634706979,0.391304347826087,414,1
"36",2,19,1.71420089173634,1.82232346241458,0.347826086956522,460,1
"37",2,21,1.67269282011154,1.76019879892317,0.369565217391304,506,1
"38",2,23,1.60314618354815,1.69807413543177,0.456521739130435,552,1
"39",2,25,1.45828026469872,1.53240836612135,0.282608695652174,598,1
"40",2,27,1.38076187928024,1.44957548146614,0.304347826086957,644,1
"41",2,29,1.34154454008507,1.42886726030234,0.369565217391304,690,1
"42",2,31,1.33842914398078,1.40815903913854,0.521739130434783,736,1
"43",2,33,1.28885769420371,1.36674259681093,0.282608695652174,782,1
"44",2,35,1.29142331452489,1.36674259681093,0.304347826086957,828,1
"45",2,37,2.64533780973008,1.28390971215573,0.41304347826087,874,1
"46",2,39,2.63580836282285,1.32532615448333,0.369565217391304,920,1
"47",2,41,2.56809431220318,1.26320149099192,0.326086956521739,966,1
"48",2,43,2.4483348207824,1.20107682750052,0.239130434782609,1012,1
"49",2,45,2.36880059082586,1.15966038517291,0.304347826086957,1058,1
"50",2,47,2.3319656133575,1.13895216400911,0.391304347826087,1104,1
"51",2,49,2.25692121896301,2.48498653965624,0.260869565217391,1150,1
"52",2,51,2.191039754287,2.42286187616484,0.434782608695652,1196,1
"53",3,1,2.17152271398661,2.40215365500104,0.565217391304348,46,1
"54",3,3,2.02271673535819,2.25719610685442,0.5,92,1
"55",3,5,1.99861823019856,2.21577966452682,0.41304347826087,138,1
"56",3,7,1.96700612266974,2.19507144336302,0.478260869565217,184,1
"57",3,9,1.70091464364453,1.88444812590598,0.543478260869565,230,1
"58",3,11,1.66801972595514,1.84303168357838,0.326086956521739,276,1
"59",3,13,1.59068459913101,1.76019879892317,0.543478260869565,322,1
"60",3,15,1.42969192397702,1.55311658728515,0.391304347826087,368,1
"61",3,17,1.34044498851885,1.44957548146614,0.347826086956522,414,1
"62",3,19,1.36555141594753,1.47028370262994,0.326086956521739,460,1
"63",3,21,1.3401701006273,1.42886726030234,0.260869565217391,506,1
"64",3,23,1.27932824729648,1.36674259681093,0.434782608695652,552,1
"65",3,25,1.21592077364448,1.30461793331953,0.347826086956522,598,1
"66",3,27,1.17450433131688,1.26320149099192,0.239130434782609,644,1
"67",3,29,1.13391255266393,1.22178504866432,0.456521739130435,690,1
"68",3,31,1.11320433150013,1.20107682750052,0.326086956521739,736,1
"69",3,33,1.11320433150013,1.20107682750052,0.41304347826087,782,1
"70",3,35,1.11320433150013,1.20107682750052,0.239130434782609,828,1
"71",3,37,2.78012450588909,1.18036860633672,0.369565217391304,874,1
"72",3,39,2.77545141173266,1.18036860633672,0.260869565217391,920,1
"73",3,41,2.65285141209918,1.13895216400911,0.282608695652174,966,1
"74",3,43,2.52264618079934,1.09753572168151,0.391304347826087,1012,1
"75",3,45,2.41397383433797,1.07682750051771,0.326086956521739,1058,1
"76",3,47,2.30236935036669,0.993994615862497,0.239130434782609,1104,1
"77",3,49,2.2402446868753,2.40215365500104,0.456521739130435,1150,1
"78",3,51,2.15768669011166,2.29861254918203,0.434782608695652,1196,1
"79",4,1,2.12561643609693,2.25719610685442,0.434782608695652,46,1
"80",4,3,2.07952689961291,2.21577966452682,0.521739130434783,92,1
"81",4,5,2.02005948573986,2.13294677987161,0.543478260869565,138,1
"82",4,7,1.95399476246949,2.0708221163802,0.543478260869565,184,1
"83",4,9,1.94419042767063,2.091530337544,0.521739130434783,230,1
"84",4,11,1.91212017365584,2.0708221163802,0.434782608695652,276,1
"85",4,13,1.78851225175335,1.92586456823359,0.456521739130435,322,1
"86",4,15,1.65904005483099,1.78090702008697,0.41304347826087,368,1
"87",4,17,1.5425792181089,1.65665769310416,0.5,414,1
"88",4,19,1.52104633327043,1.61524125077656,0.282608695652174,460,1
"89",4,21,1.47962989094283,1.57382480844895,0.456521739130435,506,1
"90",4,23,1.43354035445879,1.53240836612135,0.391304347826087,552,1
"91",4,25,1.44499401660691,1.53240836612135,0.347826086956522,598,1
"92",4,27,1.44499401660691,1.53240836612135,0.369565217391304,644,1
"93",4,29,1.29508848641229,1.36674259681093,0.391304347826087,690,1
"94",4,31,1.29169820241646,1.36674259681093,0.369565217391304,736,1
"95",4,33,1.24560866593241,1.32532615448333,0.326086956521739,782,1
"96",4,35,1.19273856145669,1.26320149099192,0.369565217391304,828,1
"97",4,37,2.58751972320637,1.24249326982812,0.347826086956522,874,1
"98",4,39,2.50166307174406,1.22178504866432,0.326086956521739,920,1
"99",4,41,2.40032106905746,1.15966038517291,0.304347826086957,966,1
"100",4,43,2.32720088990387,1.13895216400911,0.369565217391304,1012,1
"101",4,45,2.24665873767828,1.09753572168151,0.260869565217391,1058,1
"102",4,47,2.07741942577762,1.0561192793539,0.217391304347826,1104,1
"103",4,49,2.02005948573983,2.19507144336302,0.41304347826087,1150,1
"104",4,51,2.011721219696,2.17436322219921,0.41304347826087,1196,1
"105",5,1,1.99147114501812,2.17436322219921,0.41304347826087,46,1
"106",5,3,1.93200373114506,2.13294677987161,0.434782608695652,92,1
"107",5,5,1.85604304377871,2.0708221163802,0.369565217391304,138,1
"108",5,7,1.83075335775565,2.0294056740526,0.391304347826087,184,1
"109",5,9,1.75974065243726,1.90515634706979,0.434782608695652,230,1
"110",5,11,1.59040971123947,1.67736591426796,0.369565217391304,276,1
"111",5,13,1.55943900879095,1.65665769310416,0.391304347826087,322,1
"112",5,15,1.44572705098439,1.53240836612135,0.434782608695652,368,1
"113",5,17,1.40980836648789,1.49099192379375,0.347826086956522,414,1
"114",5,19,1.34676741002461,1.42886726030234,0.260869565217391,460,1
"115",5,21,1.32605918886081,1.40815903913854,0.326086956521739,506,1
"116",5,23,1.30535096769701,1.38745081797474,0.347826086956522,552,1
"117",5,25,1.28464274653321,1.36674259681093,0.260869565217391,598,1
"118",5,27,1.28464274653321,1.36674259681093,0.282608695652174,644,1
"119",5,29,1.27089835195546,1.36674259681093,0.282608695652174,690,1
"120",5,31,1.23873646864354,1.32532615448333,0.391304347826087,736,1
"121",5,33,1.19475440599476,1.26320149099192,0.239130434782609,782,1
"122",5,35,1.14197593081622,1.22178504866432,0.347826086956522,828,1
"123",5,37,2.58028100872869,1.18036860633672,0.326086956521739,874,1
"124",5,39,2.50432032136235,1.11824394284531,0.260869565217391,920,1
"125",5,41,2.40985051596465,1.0561192793539,0.239130434782609,966,1
"126",5,43,2.33663870751385,1.0147028370263,0.304347826086957,1012,1
"127",5,45,2.25563840880234,1.0147028370263,0.326086956521739,1058,1
"128",5,47,2.14229296818458,1.0147028370263,0.152173913043478,1104,1
"129",5,49,2.10829849892897,2.19507144336302,0.434782608695652,1150,1
"130",5,51,2.06285036752521,2.13294677987161,0.456521739130435,1196,1
"131",6,1,2.0373774229078,2.11223855870781,0.369565217391304,46,1
"132",6,3,1.97662719887415,2.0708221163802,0.304347826086957,92,1
"133",6,5,1.92586456823367,2.0086974528888,0.565217391304348,138,1
"134",6,7,1.87675126494251,1.94657278939739,0.5,184,1
"135",6,9,1.88985425443988,1.96728101056119,0.543478260869565,230,1
"136",6,11,1.81755873896099,1.86373990474218,0.478260869565217,276,1
"137",6,13,1.72702899334224,1.76019879892317,0.391304347826087,322,1
"138",6,15,1.58353751395056,1.61524125077656,0.434782608695652,368,1
"139",6,17,1.54028848567925,1.57382480844895,0.369565217391304,414,1
"140",6,19,1.4454521630928,1.49099192379375,0.434782608695652,460,1
"141",6,21,1.41246561610622,1.44957548146614,0.347826086956522,506,1
"142",6,23,1.37563063863786,1.40815903913854,0.260869565217391,552,1
"143",6,25,1.36170298546575,1.38745081797474,0.326086956521739,598,1
"144",6,27,1.32706711112983,1.34603437564713,0.434782608695652,644,1
"145",6,29,1.28867443560933,1.32532615448333,0.369565217391304,690,1
"146",6,31,1.2303065733025,1.26320149099192,0.304347826086957,736,1
"147",6,33,1.21335515332329,1.24249326982812,0.326086956521739,782,1
"148",6,35,1.19841957788214,1.24249326982812,0.282608695652174,828,1
"149",6,37,2.61482525376747,1.20107682750052,0.304347826086957,874,1
"150",6,39,2.46308713762913,1.15966038517291,0.347826086956522,920,1
"151",6,41,2.33251538914056,1.07682750051771,0.260869565217391,966,1
"152",6,43,2.19296396952783,1.0354110581901,0.152173913043478,1012,1
"153",6,45,2.18920716834325,1.0354110581901,0.304347826086957,1058,1
"154",6,47,2.11846935091647,1.0354110581901,0.173913043478261,1104,1
"155",6,49,2.04021793112051,2.13294677987161,0.282608695652174,1150,1
"156",6,51,1.99678564425483,2.091530337544,0.391304347826087,1196,1
"157",7,1,1.90689730371637,1.98798923172499,0.456521739130435,46,1
"158",7,3,1.82919565970351,1.92586456823359,0.456521739130435,92,1
"159",7,5,1.79593422482535,1.90515634706979,0.434782608695652,138,1
"160",7,7,1.7261127003704,1.84303168357838,0.347826086956522,184,1
"161",7,9,1.72556292458726,1.76019879892317,0.5,230,1
"162",7,11,1.72428011442668,1.73949057775937,0.434782608695652,276,1
"163",7,13,1.68405485296247,1.69807413543177,0.369565217391304,322,1
"164",7,15,1.6606893821803,1.69807413543177,0.41304347826087,368,1
"165",7,17,1.64190537625738,1.67736591426796,0.391304347826087,414,1
"166",7,19,1.62119715509358,1.65665769310416,0.347826086956522,460,1
"167",7,21,1.60048893392977,1.63594947194036,0.41304347826087,506,1
"168",7,23,1.5600804138712,1.59453302961276,0.326086956521739,552,1
"169",7,25,1.55907249160217,1.59453302961276,0.304347826086957,598,1
"170",7,27,1.55073422555834,1.57382480844895,0.391304347826087,644,1
"171",7,29,1.50840149025888,1.55311658728515,0.369565217391304,690,1
"172",7,31,1.53836427043837,1.57382480844895,0.304347826086957,736,1
"173",7,33,1.51765604927457,1.55311658728515,0.326086956521739,782,1
"174",7,35,1.47202465927646,1.51170014495755,0.304347826086957,828,1
"175",7,37,2.74658818311945,1.47028370262994,0.434782608695652,874,1
"176",7,39,2.70434707711715,1.47028370262994,0.282608695652174,920,1
"177",7,41,2.5755162852751,1.40815903913854,0.391304347826087,966,1
"178",7,43,2.46537787005874,1.32532615448333,0.41304347826087,1012,1
"179",7,45,2.39042510496145,1.26320149099192,0.326086956521739,1058,1
"180",7,47,2.34946680911978,1.26320149099192,0.369565217391304,1104,1
"181",7,49,2.2913738347045,2.42286187616484,0.478260869565217,1150,1
"182",7,51,2.13725335683938,2.23648788569062,0.565217391304348,1196,1
"183",8,1,2.11324648097691,2.21577966452682,0.478260869565217,46,1
"184",8,3,2.08145111485372,2.19507144336302,0.41304347826087,92,1
"185",8,5,1.99257069658431,2.091530337544,0.391304347826087,138,1
"186",8,7,1.93924244562267,2.0294056740526,0.391304347826087,184,1
"187",8,9,1.8789503680749,1.90515634706979,0.434782608695652,230,1
"188",8,11,1.84578056249396,1.86373990474218,0.434782608695652,276,1
"189",8,13,1.80225664633109,1.80161524125078,0.369565217391304,322,1
"190",8,15,1.73289326836208,1.73949057775937,0.456521739130435,368,1
"191",8,17,1.63237592935017,1.63594947194036,0.456521739130435,414,1
"192",8,19,1.63237592935015,1.63594947194036,0.391304347826087,460,1
"193",8,21,1.57025126585875,1.57382480844895,0.434782608695652,506,1
"194",8,23,1.55815619863033,1.55311658728515,0.347826086956522,552,1
"195",8,25,1.51948863521828,1.51170014495755,0.326086956521739,598,1
"196",8,27,1.45461509281132,1.44957548146614,0.369565217391304,644,1
"197",8,29,1.43491479391655,1.42886726030234,0.326086956521739,690,1
"198",8,31,1.38039536209149,1.36674259681093,0.282608695652174,736,1
"199",8,33,1.3150636731986,1.30461793331953,0.41304347826087,782,1
"200",8,35,1.29435545203481,1.28390971215573,0.304347826086957,828,1
"201",8,37,2.69133571691689,1.22178504866432,0.347826086956522,874,1
"202",8,39,2.60937500742377,1.20107682750052,0.391304347826087,920,1
"203",8,41,2.55219832598034,1.18036860633672,0.347826086956522,966,1
"204",8,43,2.45259727994028,1.13895216400911,0.391304347826087,1012,1
"205",8,45,2.40543209102857,1.13895216400911,0.347826086956522,1058,1
"206",8,47,2.34046691932445,1.13895216400911,0.304347826086957,1104,1
"207",8,49,2.28924614219805,2.38144543383723,0.5,1150,1
"208",8,51,2.22510563416857,2.31932077034583,0.521739130434783,1196,1
"209",9,1,2.0723595957612,2.17436322219921,0.565217391304348,46,1
"210",9,3,2.06145570939621,2.17436322219921,0.58695652173913,92,1
"211",9,5,2.03103478273079,2.13294677987161,0.521739130434783,138,1
"212",9,7,1.96066348249274,2.0501138952164,0.608695652173913,184,1
"213",9,9,2.12742880336933,2.13294677987161,0.478260869565217,230,1
"214",9,11,2.06365481252859,2.0501138952164,0.521739130434783,276,1
"215",9,13,1.97495765285354,2.0086974528888,0.5,322,1
"216",9,15,1.91851400578759,1.92586456823359,0.282608695652174,368,1
"217",9,17,1.8922163974955,1.90515634706979,0.434782608695652,414,1
"218",9,19,1.81249890894458,1.82232346241458,0.5,460,1
"219",9,21,1.67991131591794,1.67736591426796,0.5,506,1
"220",9,23,1.5838838124681,1.59453302961276,0.369565217391304,552,1
"221",9,25,1.50416632391717,1.47028370262994,0.41304347826087,598,1
"222",9,27,1.46449083823608,1.42886726030234,0.434782608695652,644,1
"223",9,29,1.42252462012536,1.38745081797474,0.347826086956522,690,1
"224",9,31,1.38486497898234,1.34603437564713,0.456521739130435,736,1
"225",9,33,1.32325438596105,1.26320149099192,0.369565217391304,782,1
"226",9,35,1.29827529314255,1.26320149099192,0.260869565217391,828,1
"227",9,37,2.62499137372558,1.24249326982812,0.326086956521739,874,1
"228",9,39,2.60785669515197,1.24249326982812,0.326086956521739,920,1
"229",9,41,2.56763143368776,1.24249326982812,0.304347826086957,966,1
"230",9,43,2.53391185232369,1.24249326982812,0.391304347826087,1012,1
"231",9,45,2.40279032805199,1.11824394284531,0.260869565217391,1058,1
"232",9,47,2.32545520122788,1.09753572168151,0.173913043478261,1104,1
"233",9,49,2.24656237635161,2.11223855870781,0.58695652173913,1150,1
"234",9,51,2.16387704497778,2.0294056740526,0.478260869565217,1196,1
"235",10,1,2.04384266566548,1.92586456823359,0.521739130434783,46,1
"236",10,3,2.00471695576749,1.88444812590598,0.565217391304348,92,1
"237",10,5,1.95349617864107,1.84303168357838,0.434782608695652,138,1
"238",10,7,1.88679005029042,1.76019879892317,0.41304347826087,184,1
"239",10,9,1.95221336848048,1.88444812590598,0.521739130434783,230,1
"240",10,11,1.9308280369234,1.86373990474218,0.41304347826087,276,1
"241",10,13,1.78898588488108,1.73949057775937,0.5,322,1
"242",10,15,1.73928710049383,1.69807413543177,0.456521739130435,368,1
"243",10,17,1.6833015999138,1.65665769310416,0.326086956521739,414,1
"244",10,19,1.58599128630335,1.55311658728515,0.41304347826087,460,1
"245",10,21,1.60669950746715,1.57382480844895,0.41304347826087,506,1
"246",10,23,1.59762820704584,1.55311658728515,0.282608695652174,552,1
"247",10,25,1.59762820704584,1.55311658728515,0.304347826086957,598,1
"248",10,27,1.55621176471823,1.51170014495755,0.434782608695652,644,1
"249",10,29,1.48547394729144,1.44957548146614,0.326086956521739,690,1
"250",10,31,1.41125421657162,1.36674259681093,0.434782608695652,736,1
"251",10,33,1.3735945754286,1.32532615448333,0.41304347826087,782,1
"252",10,35,1.23816647418921,1.18036860633672,0.41304347826087,828,1
"253",10,37,2.51294896193956,1.15966038517291,0.326086956521739,874,1
"254",10,39,2.43182132861787,1.09753572168151,0.41304347826087,920,1
"255",10,41,2.38454061127044,1.0561192793539,0.326086956521739,966,1
"256",10,43,2.27220309292165,1.0354110581901,0.239130434782609,1012,1
"257",10,45,2.15418455814739,0.993994615862497,0.217391304347826,1058,1
"258",10,47,2.12414222251551,0.973286394698695,0.217391304347826,1104,1
"259",10,49,2.04405821677585,2.0086974528888,0.391304347826087,1150,1
"260",10,51,2.01052596641935,1.98798923172499,0.347826086956522,1196,1
"261",11,1,1.99036344862545,1.96728101056119,0.543478260869565,46,1
"262",11,3,1.9492218941894,1.90515634706979,0.41304347826087,92,1
"263",11,5,1.87802593027668,1.84303168357838,0.456521739130435,138,1
"264",11,7,1.84751337431408,1.82232346241458,0.434782608695652,184,1
"265",11,9,1.70732054962101,1.67736591426796,0.478260869565217,230,1
"266",11,11,1.74553403896037,1.71878235659557,0.456521739130435,276,1
"267",11,13,1.64977735098891,1.63594947194036,0.347826086956522,322,1
"268",11,15,1.63108497436316,1.61524125077656,0.41304347826087,368,1
"269",11,17,1.63603295641115,1.63594947194036,0.347826086956522,414,1
"270",11,19,1.57949768004802,1.55311658728515,0.347826086956522,460,1
"271",11,21,1.53093415253999,1.51170014495755,0.260869565217391,506,1
"272",11,23,1.50481980284228,1.47028370262994,0.391304347826087,552,1
"273",11,25,1.4827371422207,1.44957548146614,0.543478260869565,598,1
"274",11,27,1.42061247872928,1.38745081797474,0.391304347826087,644,1
"275",11,29,1.4224532094994,1.38745081797474,0.369565217391304,690,1
"276",11,31,1.40009566098628,1.36674259681093,0.304347826086957,736,1
"277",11,33,1.32101957751565,1.28390971215573,0.391304347826087,782,1
"278",11,35,1.27493004103161,1.24249326982812,0.369565217391304,828,1
"279",11,37,2.35166591225222,1.15966038517291,0.347826086956522,874,1
"280",11,39,2.27643825926337,1.07682750051771,0.304347826086957,920,1
"281",11,41,2.02885589826955,0.973286394698695,0.260869565217391,966,1
"282",11,43,2.00998026304947,0.973286394698695,0.239130434782609,1012,1
"283",11,45,1.89855903767252,0.931869952371091,0.195652173913043,1058,1
"284",11,47,1.79419326817884,0.849037067715883,0.239130434782609,1104,1
"285",11,49,1.76441374659372,1.55311658728515,0.5,1150,1
"286",11,51,1.71841583940687,1.51170014495755,0.369565217391304,1196,1
"287",12,1,1.67278444940876,1.44957548146614,0.434782608695652,46,1
"288",12,3,1.63274244653893,1.40815903913854,0.369565217391304,92,1
"289",12,5,1.60342107143974,1.38745081797474,0.326086956521739,138,1
"290",12,7,1.59105111631976,1.38745081797474,0.347826086956522,184,1
"291",12,9,1.6060783210581,1.51170014495755,0.478260869565217,230,1
"292",12,11,1.67223467362563,1.59453302961276,0.304347826086957,276,1
"293",12,13,1.74553811137359,1.67736591426796,0.565217391304348,322,1
"294",12,15,1.72510477810135,1.65665769310416,0.347826086956522,368,1
"295",12,17,1.67269282011154,1.59453302961276,0.369565217391304,414,1
"296",12,19,1.67031045838471,1.59453302961276,0.41304347826087,460,1
"297",12,21,1.62889401605711,1.55311658728515,0.5,506,1
"298",12,23,1.5667693525657,1.49099192379375,0.304347826086957,552,1
"299",12,25,1.5460611314019,1.47028370262994,0.304347826086957,598,1
"300",12,27,1.53680657238622,1.47028370262994,0.5,644,1
"301",12,29,1.51032570549976,1.44957548146614,0.369565217391304,690,1
"302",12,31,1.48311180423583,1.42886726030234,0.369565217391304,736,1
"303",12,33,1.42300298528248,1.36674259681093,0.391304347826087,782,1
"304",12,35,1.39780492855662,1.32532615448333,0.260869565217391,828,1
"305",12,37,2.68583795908579,1.30461793331953,0.369565217391304,874,1
"306",12,39,2.61400059009278,1.26320149099192,0.434782608695652,920,1
"307",12,41,2.55095963362951,1.24249326982812,0.239130434782609,966,1
"308",12,43,2.47289147242792,1.22178504866432,0.369565217391304,1012,1
"309",12,45,2.45374094931627,1.22178504866432,0.347826086956522,1058,1
"310",12,47,2.36669311699054,1.15966038517291,0.304347826086957,1104,1
"311",12,49,2.32912510514469,2.15365500103541,0.630434782608696,1150,1
"312",12,51,2.29604692886093,2.11223855870781,0.5,1196,1
"313",13,1,2.15887787097502,1.98798923172499,0.434782608695652,46,1
"314",13,3,2.10829849892892,1.96728101056119,0.456521739130435,92,1
"315",13,5,1.9768104574685,1.82232346241458,0.521739130434783,138,1
"316",13,7,1.90002510642749,1.71878235659557,0.41304347826087,184,1
"317",13,9,1.9374098596789,1.82232346241458,0.391304347826087,230,1
"318",13,11,1.92797204206887,1.84303168357838,0.391304347826087,276,1
"319",13,13,1.94877189252985,1.86373990474218,0.391304347826087,322,1
"320",13,15,1.93841778194795,1.86373990474218,0.5,368,1
"321",13,17,1.89764274470064,1.82232346241458,0.304347826086957,414,1
"322",13,19,1.8904956595202,1.82232346241458,0.347826086956522,460,1
"323",13,21,1.76927009934449,1.69807413543177,0.347826086956522,506,1
"324",13,23,1.67480029394678,1.61524125077656,0.391304347826087,552,1
"325",13,25,1.64502077236167,1.57382480844895,0.41304347826087,598,1
"326",13,27,1.58289610887027,1.51170014495755,0.41304347826087,644,1
"327",13,29,1.56218788770647,1.49099192379375,0.326086956521739,690,1
"328",13,31,1.52077144537886,1.44957548146614,0.369565217391304,736,1
"329",13,33,1.47935500305126,1.40815903913854,0.391304347826087,782,1
"330",13,35,1.47523168467793,1.40815903913854,0.41304347826087,828,1
"331",13,37,3.1308814555132,1.38745081797474,0.217391304347826,874,1
"332",13,39,2.95916815258854,1.34603437564713,0.326086956521739,920,1
"333",13,41,2.95055499865317,1.34603437564713,0.434782608695652,966,1
"334",13,43,2.82337353416043,1.26320149099192,0.391304347826087,1012,1
"335",13,45,2.79936665829797,1.26320149099192,0.369565217391304,1058,1
"336",13,47,2.73513452097133,1.24249326982812,0.456521739130435,1104,1
"337",13,49,2.65404259296261,2.52640298198385,0.608695652173913,1150,1
"338",13,51,2.54161344531667,2.42286187616484,0.434782608695652,1196,1
"339",14,1,2.51238369951466,2.38144543383723,0.521739130434783,46,1
"340",14,3,2.4383472273892,2.31932077034583,0.695652173913043,92,1
"341",14,5,2.43935514965823,2.31932077034583,0.478260869565217,138,1
"342",14,7,2.36449401385811,2.23648788569062,0.608695652173913,184,1
"343",14,9,2.32371897661072,2.23648788569062,0.521739130434783,230,1
"344",14,11,2.2471168841641,2.19507144336302,0.41304347826087,276,1
"345",14,13,2.15154752720018,2.091530337544,0.58695652173913,322,1
"346",14,15,2.01098818531844,1.94657278939739,0.41304347826087,368,1
"347",14,17,1.90872988966003,1.84303168357838,0.521739130434783,414,1
"348",14,19,1.87748429931995,1.80161524125078,0.456521739130435,460,1
"349",14,21,1.8497206222729,1.78090702008697,0.608695652173913,506,1
"350",14,23,1.82901240110909,1.76019879892317,0.347826086956522,552,1
"351",14,25,1.78759595878149,1.71878235659557,0.239130434782609,598,1
"352",14,27,1.76688773761769,1.69807413543177,0.41304347826087,644,1
"353",14,29,1.70476307412629,1.63594947194036,0.347826086956522,690,1
"354",14,31,1.66334663179868,1.59453302961276,0.391304347826087,736,1
"355",14,33,1.63026845551491,1.55311658728515,0.347826086956522,782,1
"356",14,35,1.62193018947108,1.55311658728515,0.391304347826087,828,1
"357",14,37,3.17770402637465,1.47028370262994,0.369565217391304,874,1
"358",14,39,3.04988115680167,1.42886726030234,0.391304347826087,920,1
"359",14,41,2.96998040965639,1.38745081797474,0.304347826086957,966,1
"360",14,43,2.91775171026095,1.36674259681093,0.391304347826087,1012,1
"361",14,45,2.80019132197266,1.30461793331953,0.304347826086957,1058,1
"362",14,47,2.71699192012873,1.28390971215573,0.282608695652174,1104,1
"363",14,49,2.62737846748182,2.40215365500104,0.565217391304348,1150,1
"364",14,51,2.57405021652016,2.36073721267343,0.58695652173913,1196,1
"365",15,1,2.51036785497662,2.29861254918203,0.5,46,1
"366",15,3,2.48260417792958,2.27790432801822,0.478260869565217,92,1
"367",15,5,2.38236172680922,2.17436322219921,0.456521739130435,138,1
"368",15,7,2.33059117389971,2.11223855870781,0.543478260869565,184,1
"369",15,9,2.32692600201219,2.17436322219921,0.543478260869565,230,1
"370",15,11,2.10591613720208,1.94657278939739,0.695652173913043,276,1
"371",15,13,2.00539879819017,1.88444812590598,0.58695652173913,322,1
"372",15,15,1.89058728881741,1.78090702008697,0.543478260869565,368,1
"373",15,17,1.67003557049318,1.57382480844895,0.41304347826087,414,1
"374",15,19,1.57519924790673,1.49099192379375,0.41304347826087,460,1
"375",15,21,1.53818101184401,1.44957548146614,0.369565217391304,506,1
"376",15,23,1.4833866921274,1.40815903913854,0.369565217391304,552,1
"377",15,25,1.46368639323264,1.36674259681093,0.260869565217391,598,1
"378",15,27,1.47275769365395,1.38745081797474,0.304347826086957,644,1
"379",15,29,1.42758445014176,1.34603437564713,0.304347826086957,690,1
"380",15,31,1.40687622897796,1.32532615448333,0.282608695652174,736,1
"381",15,33,1.39853796293413,1.30461793331953,0.391304347826087,782,1
"382",15,35,1.36078669249392,1.28390971215573,0.326086956521739,828,1
"383",15,37,2.87523571636709,1.22178504866432,0.434782608695652,874,1
"384",15,39,2.83922540257342,1.24249326982812,0.347826086956522,920,1
"385",15,41,2.71607562715683,1.20107682750052,0.41304347826087,966,1
"386",15,43,2.66650417737978,1.18036860633672,0.347826086956522,1012,1
"387",15,45,2.48031344549993,1.09753572168151,0.326086956521739,1058,1
"388",15,47,2.42194558319309,1.09753572168151,0.326086956521739,1104,1
"389",15,49,2.32949162233345,2.13294677987161,0.456521739130435,1150,1
"390",15,51,2.3090582890612,2.13294677987161,0.5,1196,1
"391",16,1,2.03151314788794,1.84303168357838,0.391304347826087,46,1
"392",16,3,1.67324259589469,1.49099192379375,0.456521739130435,92,1
"393",16,5,1.4396795173702,1.26320149099192,0.326086956521739,138,1
"394",16,7,1.21692869591355,1.0561192793539,0.304347826086957,184,1
"395",16,9,1.20199312047238,1.11824394284531,0.347826086956522,230,1
"396",16,11,1.14408340465148,1.07682750051771,0.369565217391304,276,1
"397",16,13,0.911161731207288,0.849037067715883,0.347826086956522,322,1
"398",16,15,0.81485933986587,0.766204183060675,0.195652173913043,368,1
"399",16,17,0.771243794405823,0.724787740733071,0.195652173913043,414,1
"400",16,19,0.721214198142826,0.662663077241665,0.130434782608696,460,1
"401",16,21,0.604570102826382,0.559121971422655,0.195652173913043,506,1
"402",16,23,0.511394123133201,0.455580865603645,0.130434782608696,552,1
"403",16,25,0.400184895316623,0.352039759784635,0.130434782608696,598,1
"404",16,27,0.263342600109583,0.227790432801822,0.195652173913043,644,1
"405",16,29,0.260776979788403,0.227790432801822,0.0652173913043478,690,1
"406",16,31,0.251980567258648,0.227790432801822,0.0217391304347826,736,1
"407",16,33,0.220551718324208,0.20708221163802,0.0434782608695652,782,1
"408",16,35,0.193887592843385,0.165665769310416,0.0434782608695652,828,1
"409",16,37,0.647177726017407,0.124249326982812,0.0652173913043478,874,1
"410",16,39,0.670451567502396,0.165665769310416,0.0434782608695652,920,1
"411",16,41,0.627843944311383,0.124249326982812,0.0869565217391304,966,1
"412",16,43,0.604111956340474,0.124249326982812,0,1012,1
"413",16,45,0.55298280851126,0.0828328846552081,0.0217391304347826,1058,1
"414",16,47,0.453381762471205,0.0828328846552081,0.0434782608695652,1104,1
"415",16,49,0.411965320143602,0.31062331745703,0.0434782608695652,1150,1
"416",16,51,0.411965320143601,0.31062331745703,0,1196,1
"417",17,1,0.382277427855672,0.269206875129426,0.0217391304347826,46,1
"418",17,3,0.339761433961847,0.248498653965624,0.0217391304347826,92,1
"419",17,5,0.315754558099385,0.227790432801822,0.0217391304347826,138,1
"420",17,7,0.255095963362941,0.186373990474218,0.0652173913043478,184,1
"421",17,9,0.546529857651982,0.455580865603645,0.0869565217391304,230,1
"422",17,11,0.586255023306702,0.538413750258853,0.152173913043478,276,1
"423",17,13,0.533975610389154,0.496997307931249,0.195652173913043,322,1
"424",17,15,0.514245175636643,0.517705529095051,0.108695652173913,368,1
"425",17,17,0.483069654759126,0.476289086767447,0.0434782608695652,414,1
"426",17,19,0.383560238016255,0.372747980948437,0.108695652173913,460,1
"427",17,21,0.359828250045349,0.352039759784635,0.0652173913043478,506,1
"428",17,23,0.359370103559424,0.331331538620832,0.0434782608695652,552,1
"429",17,25,0.336187891371624,0.31062331745703,0.0434782608695652,598,1
"430",17,27,0.298344991634236,0.269206875129426,0.0869565217391304,644,1
"431",17,29,0.223025709348201,0.186373990474218,0.108695652173913,690,1
"432",17,31,0.216061882762145,0.165665769310416,0.0217391304347826,736,1
"433",17,33,0.196728101056119,0.144957548146614,0.0217391304347826,782,1
"434",17,35,0.19416248073494,0.124249326982812,0.0434782608695652,828,1
"435",17,37,0.326566815167214,0.0828328846552081,0.0434782608695652,874,1
"436",17,39,0.367708369603258,0.144957548146614,0,920,1
"437",17,41,0.401519580264512,0.186373990474218,0,966,1
"438",17,43,0.369632584844143,0.144957548146614,0.0434782608695652,1012,1
"439",17,45,0.348649475788785,0.124249326982812,0.0217391304347826,1058,1
"440",17,47,0.322443496793886,0.124249326982812,0.0217391304347826,1104,1
"441",17,49,0.293030492397513,0.165665769310416,0.0217391304347826,1150,1
"442",17,51,0.267374289185725,0.144957548146614,0.0434782608695652,1196,1
"443",18,1,0.256287144226345,0.144957548146614,0,46,1
"444",18,3,0.232830044146995,0.124249326982812,0,92,1
"445",18,5,0.212121822983193,0.10354110581901,0.0217391304347826,138,1
"446",18,7,0.186007473285478,0.0621246634914061,0.0217391304347826,184,1
"447",18,9,0.535573242046117,0.455580865603645,0.108695652173913,230,1
"448",18,11,0.596033671986735,0.496997307931249,0.130434782608696,276,1
"449",18,13,0.520439501809138,0.434872644439843,0.239130434782609,322,1
"450",18,15,0.469502527857269,0.372747980948437,0.108695652173913,368,1
"451",18,17,0.389134718943085,0.289915096293228,0.108695652173913,414,1
"452",18,19,0.324459341331956,0.248498653965624,0.0869565217391304,460,1
"453",18,21,0.303842749465337,0.227790432801822,0.0217391304347826,506,1
"454",18,23,0.296237517798986,0.227790432801822,0.0652173913043478,552,1
"455",18,25,0.223942002320051,0.144957548146614,0.0652173913043478,598,1
"456",18,27,0.179959939671272,0.10354110581901,0.0869565217391304,644,1
"457",18,29,0.129472196922356,0.0621246634914061,0.0434782608695652,690,1
"458",18,31,0.136985799291524,0.0621246634914061,0.0217391304347826,736,1
"459",18,33,0.136252764914044,0.0621246634914061,0,782,1
"460",18,35,0.135153213347824,0.0621246634914061,0,828,1
"461",18,37,0.233379819930105,0.0621246634914061,0,874,1
"462",18,39,0.234479371496324,0.0828328846552081,0.0217391304347826,920,1
"463",18,41,0.234479371496324,0.0828328846552081,0,966,1
"464",18,43,0.213771150332522,0.0621246634914061,0.0217391304347826,1012,1
"465",18,45,0.194620627220865,0.0621246634914061,0,1058,1
"466",18,47,0.177944095133201,0.0621246634914061,0,1104,1
"467",18,49,0.177944095133201,0.10354110581901,0,1150,1
"468",18,51,0.171621673627438,0.10354110581901,0.0217391304347826,1196,1
"469",19,1,0.161267563045537,0.10354110581901,0.0217391304347826,46,1
"470",19,3,0.158243796238434,0.10354110581901,0,92,1
"471",19,5,0.149813900897417,0.10354110581901,0,138,1
"472",19,7,0.143491479391654,0.10354110581901,0.0217391304347826,184,1
"473",19,9,0.378015767210124,0.352039759784635,0.0217391304347826,230,1
"474",19,11,0.405504556365611,0.393456202112239,0.0652173913043478,276,1
"475",19,13,0.39501524108092,0.372747980948437,0.108695652173913,322,1
"476",19,15,0.36899252068039,0.352039759784635,0.0869565217391304,368,1
"477",19,17,0.328675629919005,0.331331538620832,0.108695652173913,414,1
"478",19,19,0.296237517798986,0.331331538620832,0.0434782608695652,460,1
"479",19,21,0.275529296635186,0.31062331745703,0.0869565217391304,506,1
"480",19,23,0.218810761677693,0.227790432801822,0.0434782608695652,552,1
"481",19,25,0.198102540513893,0.20708221163802,0.0217391304347826,598,1
"482",19,27,0.194437368626495,0.20708221163802,0.0217391304347826,644,1
"483",19,29,0.141384005556402,0.144957548146614,0.0652173913043478,690,1
"484",19,31,0.120034379312304,0.10354110581901,0.0652173913043478,736,1
"485",19,33,0.120217637906674,0.10354110581901,0,782,1
"486",19,35,0.113620328509357,0.10354110581901,0.0217391304347826,828,1
"487",19,37,0.237503138303428,0.10354110581901,0.0434782608695652,874,1
"488",19,39,0.290189984184778,0.144957548146614,0,920,1
"489",19,41,0.280752166574727,0.144957548146614,0.0217391304347826,966,1
"490",19,43,0.202042600292847,0.0621246634914061,0.0652173913043478,1012,1
"491",19,45,0.165299252121677,0.0621246634914061,0.0217391304347826,1058,1
"492",19,47,0.164016441961087,0.0621246634914061,0,1104,1
"493",19,49,0.162458743908943,0.186373990474218,0,1150,1
"494",19,51,0.159434977101839,0.186373990474218,0,1196,1
"495",20,1,0.148439461439643,0.186373990474218,0.0217391304347826,46,1
"496",20,3,0.148439461439643,0.186373990474218,0,92,1
"497",20,5,0.148439461439643,0.186373990474218,0,138,1
"498",20,7,0.140009566098626,0.186373990474218,0,184,1
"499",20,9,0.567093720277746,0.600538413750259,0.108695652173913,230,1
"500",20,11,0.492965618855108,0.517705529095051,0.173913043478261,276,1
"501",20,13,0.414072793978848,0.455580865603645,0.108695652173913,322,1
"502",20,15,0.325558892898168,0.372747980948437,0.152173913043478,368,1
"503",20,17,0.28139357165502,0.331331538620832,0.108695652173913,414,1
"504",20,19,0.238052914086535,0.289915096293228,0.0869565217391304,460,1
"505",20,21,0.265633332539206,0.331331538620832,0.0217391304347826,506,1
"506",20,23,0.219818683946728,0.269206875129426,0.0217391304347826,552,1
"507",20,25,0.219818683946728,0.269206875129426,0,598,1
"508",20,27,0.17253796659929,0.227790432801822,0.0652173913043478,644,1
"509",20,29,0.151738116138303,0.20708221163802,0.0217391304347826,690,1
"510",20,31,0.14431614306632,0.20708221163802,0,736,1
"511",20,33,0.136710911399968,0.20708221163802,0.0217391304347826,782,1
"512",20,35,0.128097757464581,0.186373990474218,0,828,1
"513",20,37,0.309707024485181,0.186373990474218,0.0434782608695652,874,1
"514",20,39,0.241534827379565,0.10354110581901,0.0652173913043478,920,1
"515",20,41,0.221376381998873,0.0828328846552081,0.0217391304347826,966,1
"516",20,43,0.216611658545255,0.0828328846552081,0.0217391304347826,1012,1
"517",20,45,0.21597025346496,0.0828328846552081,0,1058,1
"518",20,47,0.19416248073494,0.0828328846552081,0,1104,1
"519",20,49,0.165665769310417,0.186373990474218,0.0217391304347826,1150,1
"520",20,51,0.143857996580396,0.165665769310416,0.0217391304347826,1196,1
"521",21,1,0.128097757464581,0.165665769310416,0.0434782608695652,46,1
"522",21,3,0.133320627404124,0.165665769310416,0,92,1
"523",21,5,0.13029686059702,0.165665769310416,0,138,1
"524",21,7,0.111421225376917,0.144957548146614,0.0217391304347826,184,1
"525",21,9,0.432490282713023,0.455580865603645,0.108695652173913,230,1
"526",21,11,0.529708967026271,0.579830192586457,0.130434782608696,276,1
"527",21,13,0.469325260181383,0.517705529095051,0.260869565217391,322,1
"528",21,15,0.4515491765275,0.496997307931249,0.130434782608696,368,1
"529",21,17,0.373022868839984,0.393456202112239,0.130434782608696,414,1
"530",21,19,0.414897457653513,0.434872644439843,0.0652173913043478,460,1
"531",21,21,0.355521673077654,0.372747980948437,0.108695652173913,506,1
"532",21,23,0.323726306954467,0.331331538620832,0.0434782608695652,552,1
"533",21,25,0.244375335592296,0.248498653965624,0.0652173913043478,598,1
"534",21,27,0.21432092611563,0.20708221163802,0.0217391304347826,644,1
"535",21,29,0.200576531537887,0.20708221163802,0.0217391304347826,690,1
"536",21,31,0.166123915796343,0.165665769310416,0.0434782608695652,736,1
"537",21,33,0.155311658728517,0.144957548146614,0.0217391304347826,782,1
"538",21,35,0.155311658728517,0.144957548146614,0,828,1
"539",21,37,0.314838265127536,0.144957548146614,0.0217391304347826,874,1
"540",21,39,0.331331538620828,0.165665769310416,0.0434782608695652,920,1
"541",21,41,0.26453378097299,0.124249326982812,0.0434782608695652,966,1
"542",21,43,0.257844842278488,0.124249326982812,0,1012,1
"543",21,45,0.231363975392035,0.124249326982812,0.0217391304347826,1058,1
"544",21,47,0.217344692922735,0.124249326982812,0,1104,1
"545",21,49,0.177027802161351,0.20708221163802,0.0217391304347826,1150,1
"546",21,51,0.142117039933881,0.165665769310416,0.0434782608695652,1196,1
"547",22,1,0.121500448067263,0.144957548146614,0.0217391304347826,46,1
"548",22,3,0.119851120717934,0.144957548146614,0,92,1
"549",22,5,0.119851120717934,0.144957548146614,0,138,1
"550",22,7,0.119667862123564,0.144957548146614,0,184,1
"551",22,9,0.344434528118272,0.372747980948437,0.108695652173913,230,1
"552",22,11,0.430199550283402,0.455580865603645,0.108695652173913,276,1
"553",22,13,0.439454109299083,0.476289086767447,0.0869565217391304,322,1
"554",22,15,0.403627054099763,0.414164423276041,0.130434782608696,368,1
"555",22,17,0.412148578737965,0.414164423276041,0.108695652173913,414,1
"556",22,19,0.399778623617993,0.393456202112239,0.0217391304347826,460,1
"557",22,21,0.339028399584357,0.331331538620832,0.0869565217391304,506,1
"558",22,23,0.32583378078972,0.31062331745703,0.0652173913043478,552,1
"559",22,25,0.275804184526734,0.269206875129426,0.0869565217391304,598,1
"560",22,27,0.19342944635746,0.20708221163802,0.130434782608696,644,1
"561",22,29,0.188847981498212,0.20708221163802,0.0434782608695652,690,1
"562",22,31,0.162275485314575,0.186373990474218,0.0434782608695652,736,1
"563",22,33,0.150455305977714,0.165665769310416,0.0217391304347826,782,1
"564",22,35,0.141109117664847,0.144957548146614,0.0217391304347826,828,1
"565",22,37,0.221926157781984,0.10354110581901,0.0217391304347826,874,1
"566",22,39,0.236128698845652,0.10354110581901,0.0217391304347826,920,1
"567",22,41,0.215145589790295,0.10354110581901,0,966,1
"568",22,43,0.204150074128101,0.10354110581901,0.0217391304347826,1012,1
"569",22,45,0.183991628747409,0.10354110581901,0.0217391304347826,1058,1
"570",22,47,0.183991628747409,0.10354110581901,0,1104,1
"571",22,49,0.161634080234278,0.165665769310416,0.0217391304347826,1150,1
"572",22,51,0.161634080234278,0.165665769310416,0,1196,1
"573",23,1,0.152746038407336,0.165665769310416,0,46,1
"574",23,3,0.145049177443799,0.165665769310416,0,92,1
"575",23,5,0.145049177443799,0.165665769310416,0,138,1
"576",23,7,0.143674737986025,0.165665769310416,0,184,1
"577",23,9,0.395105529461561,0.393456202112239,0.0652173913043478,230,1
"578",23,11,0.500845738413011,0.496997307931249,0.217391304347826,276,1
"579",23,13,0.542445439334979,0.538413750258853,0.0869565217391304,322,1
"580",23,15,0.533740656102411,0.538413750258853,0.130434782608696,368,1
"581",23,17,0.437255006166644,0.434872644439843,0.173913043478261,414,1
"582",23,19,0.410398754740106,0.393456202112239,0.130434782608696,460,1
"583",23,21,0.320052267715729,0.289915096293228,0.130434782608696,506,1
"584",23,23,0.314929894424711,0.31062331745703,0.0434782608695652,552,1
"585",23,25,0.266457996213868,0.269206875129426,0.0652173913043478,598,1
"586",23,27,0.201859341698476,0.20708221163802,0.0652173913043478,644,1
"587",23,29,0.197277876839228,0.186373990474218,0.0434782608695652,690,1
"588",23,31,0.165115993527308,0.165665769310416,0.0652173913043478,736,1
"589",23,33,0.143674737986026,0.165665769310416,0.0434782608695652,782,1
"590",23,35,0.122966516822224,0.144957548146614,0.0217391304347826,828,1
"591",23,37,0.208639909690165,0.165665769310416,0.0217391304347826,874,1
"592",23,39,0.246757697319105,0.165665769310416,0.0217391304347826,920,1
"593",23,41,0.245108369969776,0.165665769310416,0,966,1
"594",23,43,0.170155604872481,0.124249326982812,0.108695652173913,1012,1
"595",23,45,0.177485948647277,0.124249326982812,0,1058,1
"596",23,47,0.150455305977713,0.10354110581901,0.0434782608695652,1104,1
"597",23,49,0.13267922232383,0.186373990474218,0.0217391304347826,1150,1
"598",23,51,0.131488041460425,0.186373990474218,0,1196,1
"599",24,1,0.138085350857743,0.186373990474218,0,46,1
"600",24,3,0.108580717164184,0.144957548146614,0.0217391304347826,92,1
"601",24,5,0.0936451417230342,0.124249326982812,0.0217391304347826,138,1
"602",24,7,0.0893385647553408,0.124249326982812,0,184,1
"603",24,9,0.246940955913474,0.289915096293228,0.130434782608696,230,1
"604",24,11,0.316762480368417,0.289915096293228,0.0869565217391304,276,1
"605",24,13,0.302926456493487,0.269206875129426,0.0869565217391304,322,1
"606",24,15,0.313738713561313,0.269206875129426,0.0869565217391304,368,1
"607",24,17,0.314852086306435,0.269206875129426,0.0869565217391304,414,1
"608",24,19,0.302193422116007,0.248498653965624,0.0869565217391304,460,1
"609",24,21,0.282401493924052,0.248498653965624,0.0434782608695652,506,1
"610",24,23,0.219910313243911,0.186373990474218,0.0869565217391304,552,1
"611",24,25,0.179135275996607,0.144957548146614,0.0434782608695652,598,1
"612",24,27,0.16126756304554,0.124249326982812,0.0652173913043478,644,1
"613",24,29,0.133870403187235,0.10354110581901,0.0434782608695652,690,1
"614",24,31,0.104732286682416,0.0828328846552081,0.0434782608695652,736,1
"615",24,33,0.104732286682416,0.0828328846552081,0,782,1
"616",24,35,0.104732286682415,0.0828328846552081,0,828,1
"617",24,37,0.119851120717934,0.0621246634914061,0.0217391304347826,874,1
"618",24,39,0.141384005556402,0.10354110581901,0.0217391304347826,920,1
"619",24,41,0.130113602002651,0.0828328846552081,0.0217391304347826,966,1
"620",24,43,0.124066068388443,0.0828328846552081,0.0217391304347826,1012,1
"621",24,45,0.124066068388443,0.0828328846552081,0,1058,1
"622",24,47,0.126723318006807,0.10354110581901,0.0217391304347826,1104,1
"623",24,49,0.112795664834692,0.0828328846552081,0.0217391304347826,1150,1
"624",24,51,0.106381614031745,0.0828328846552081,0.0217391304347826,1196,1
"625",25,1,0.0856733928679423,0.0621246634914061,0.0217391304347826,46,1
"626",25,3,0.0852152463820176,0.0621246634914061,0,92,1
"627",25,5,0.0847570998960926,0.0621246634914061,0,138,1
"628",25,7,0.0847570998960927,0.0621246634914061,0,184,1
"629",25,9,0.380902988397891,0.393456202112239,0.0652173913043478,230,1
"630",25,11,0.444768608535809,0.476289086767447,0.0869565217391304,276,1
"631",25,13,0.30292645649349,0.31062331745703,0.217391304347826,322,1
"632",25,15,0.233837966416031,0.248498653965624,0.152173913043478,368,1
"633",25,17,0.216978175733997,0.248498653965624,0.0869565217391304,414,1
"634",25,19,0.241168310190826,0.269206875129426,0.0434782608695652,460,1
"635",25,21,0.213771150332521,0.227790432801822,0.0217391304347826,506,1
"636",25,23,0.150638564572084,0.165665769310416,0.0869565217391304,552,1
"637",25,25,0.122508370336299,0.144957548146614,0.0434782608695652,598,1
"638",25,27,0.123516292605333,0.144957548146614,0,644,1
"639",25,29,0.110871449593808,0.124249326982812,0.0217391304347826,690,1
"640",25,31,0.110871449593808,0.124249326982812,0,736,1
"641",25,33,0.084482212004537,0.10354110581901,0.0434782608695652,782,1
"642",25,35,0.0479221224277364,0.0621246634914061,0.0434782608695652,828,1
"643",25,37,0.143308220797285,0.0621246634914061,0,874,1
"644",25,39,0.134603437564713,0.020708221163802,0,920,1
"645",25,41,0.125257249251847,0.020708221163802,0,966,1
"646",25,43,0.096027503449843,0.020708221163802,0.0217391304347826,1012,1
"647",25,45,0.0949279518836235,0.020708221163802,0,1058,1
"648",25,47,0.0949279518836236,0.020708221163802,0,1104,1
"649",25,49,0.0852152463820171,0.124249326982812,0,1150,1
"650",25,51,0.0775183854184803,0.10354110581901,0,1196,1
"651",26,1,0.0775183854184802,0.10354110581901,0,46,1
"652",26,3,0.0670726455393941,0.10354110581901,0.0217391304347826,92,1
"653",26,5,0.0592841552786721,0.10354110581901,0,138,1
"654",26,7,0.0576348279293428,0.10354110581901,0,184,1
"655",26,9,0.437438264761016,0.455580865603645,0.0652173913043478,230,1
"656",26,11,0.457413451547336,0.476289086767447,0.195652173913043,276,1
"657",26,13,0.488292524698669,0.476289086767447,0.0869565217391304,322,1
"658",26,15,0.422319430725495,0.414164423276041,0.152173913043478,368,1
"659",26,17,0.378520626671079,0.372747980948437,0.108695652173913,414,1
"660",26,19,0.374855454783684,0.414164423276041,0.108695652173913,460,1
"661",26,21,0.299352913903273,0.31062331745703,0.108695652173913,506,1
"662",26,23,0.225866217560936,0.227790432801822,0.108695652173913,552,1
"663",26,25,0.208548280392978,0.20708221163802,0.0217391304347826,598,1
"664",26,27,0.152379521218598,0.144957548146614,0.0652173913043478,644,1
"665",26,29,0.101250373389386,0.0828328846552081,0.0652173913043478,690,1
"666",26,31,0.0845738413017221,0.0621246634914061,0.0217391304347826,736,1
"667",26,33,0.066247981864729,0.0414164423276041,0.0217391304347826,782,1
"668",26,35,0.0641405080294749,0.0414164423276041,0,828,1
"669",26,37,0.236861733223134,0.0414164423276041,0,874,1
"670",26,39,0.229989535934261,0.0621246634914061,0.0434782608695652,920,1
"671",26,41,0.232830044146995,0.0621246634914061,0,966,1
"672",26,43,0.210930642119789,0.0414164423276041,0.0434782608695652,1012,1
"673",26,45,0.201859341698477,0.0414164423276041,0,1058,1
"674",26,47,0.200668160835073,0.0414164423276041,0,1104,1
"675",26,49,0.193887592843385,0.165665769310416,0,1150,1
"676",26,51,0.184907921719259,0.144957548146614,0,1196,1
"677",27,1,0.174553811137357,0.124249326982812,0,46,1
"678",27,3,0.167864872442855,0.124249326982812,0,92,1
"679",27,5,0.150730193869267,0.10354110581901,0,138,1
"680",27,7,0.150730193869267,0.10354110581901,0,184,1
"681",27,9,0.533837265252709,0.517705529095051,0.108695652173913,230,1
"682",27,11,0.496269253406871,0.496997307931249,0.195652173913043,276,1
"683",27,13,0.586707369728423,0.600538413750259,0.108695652173913,322,1
"684",27,15,0.558760434087004,0.579830192586457,0.108695652173913,368,1
"685",27,17,0.513312302683266,0.517705529095051,0.108695652173913,414,1
"686",27,19,0.384573140138395,0.393456202112239,0.173913043478261,460,1
"687",27,21,0.287807622457968,0.289915096293228,0.108695652173913,506,1
"688",27,23,0.287441105269228,0.289915096293228,0.0652173913043478,552,1
"689",27,25,0.253538265310795,0.248498653965624,0.0217391304347826,598,1
"690",27,27,0.253721523905162,0.248498653965624,0.0217391304347826,644,1
"691",27,29,0.177394319350093,0.165665769310416,0.0652173913043478,690,1
"692",27,31,0.154028848567928,0.144957548146614,0.0434782608695652,736,1
"693",27,33,0.123333034010964,0.124249326982812,0.0434782608695652,782,1
"694",27,35,0.0983182358794676,0.10354110581901,0.0217391304347826,828,1
"695",27,37,0.197369506136414,0.10354110581901,0.0217391304347826,874,1
"696",27,39,0.189855903767246,0.10354110581901,0.0217391304347826,920,1
"697",27,41,0.170888639249959,0.0828328846552081,0.0217391304347826,966,1
"698",27,43,0.175286845514837,0.0828328846552081,0,1012,1
"699",27,45,0.172904483788028,0.0828328846552081,0,1058,1
"700",27,47,0.16740672595693,0.0828328846552081,0,1104,1
"701",27,49,0.136344394211227,0.0828328846552081,0.0217391304347826,1150,1
"702",27,51,0.136344394211227,0.0828328846552081,0,1196,1
